facilities = 60 objectives = 4 max_distances = 100 max flows = 100 correlation = 0.000000 seed = 23453464
 0 41 13 68 15 92  7 28  4 48 75 78 42 76 48 61 17 72 95 48 72 46 19 72 93 34  6 55 86 63 64 69  2 83 84 10  1 16 48 99 64 17  4 24 42 87 94 72 46 51 55 28 52 39  2 25 28  1 48 37 
41  0 46 17 74 28 90 53 95 36 52  7 98 82 72 21 35 48 21 56 79 49 60 65 79 96 69 38 99 98 78 49 83 49  5 84 57 48 47 76 61 83 23 58 60 78 58 79 45 20 75  1 63 84 48 99 90 59 40 11 
13 46  0 71 27 72 39  5  5 56 86  6 33 61 70 81 44 63 40  3  3 80 22  3 29 77 82  1 57 62 17 17 73  4 95 75 33  8 66 97 15 69 48  8  8 76 51 10 57 70 33 44 41 39 10 80 11  6 36 14 
68 17 71  0 50 31 93 52 19 35 10 32 22 64 98 75 79 19 60 79 96 32 63 50 72 60 62 86 63 73 86 44 14  8 45 36 80  3 100 80 77 58 42 53 75 34 41 72  2 82  2 59 83 21 36  6 29 81 23 34 
15 74 27 50  0 51 74 91 14 39 14 31  8 61 34 56 42 63 30 81 37 79 48 44 64 70 33  8 76 47 100 51 40 76  8  7 36 19 100 46 86 26 28 28 35 51 26 29 64 55 39 28 25 13 29 15 29 87  4 78 
92 28 72 31 51  0  4 74 81 44 36 38 45 63 99  2 47 55 85 17 29 95 44 20 48 93 76 74 48 90 14 94 55 77 73 78 41 95 78 64 100 73 28  2 18 58 95 40 97 26 13  5 47  1 13 72 16 27 51 99 
 7 90 39 93 74  4  0 37 68 72 63 35 59 90 95 21 36 17 58 94 51 64 52 58 20 26 90  2 23 55 89 90 83  2 24 37 18 17  9 19 47 64 83  6 94 78 16 31 22  1 10 87 99 20 67 55 36 91 56 70 
28 53  5 52 91 74 37  0 21 62  1 70 60 52 81 12 57  3 27 19 17 51 91 47 81 85 13 85 33 86 90 20 99 80 54 94 68 31 16 67 50 52 33 49 19 83 72 63 90  1 24 67 14 57 20 86 22 87 74 88 
 4 95  5 19 14 81 68 21  0 27 85 67 12 29 48 51 25 59 59 74  1 74 68  1 63 77 63  7 22 20 45 17 28 74 70 19 70 67 90 46 32 55 11 39  6 45 30 58 37 35 77 72 19 95 59 39 19 51 28 94 
48 36 56 35 39 44 72 62 27  0 47 62 59 77 89 30 54 47 93  1 68 12 37  9 45 22 12 79 21 29 26 61 29 23 65 86  8 57 81 74 11  9 36 93 53 49 27  8 38 64 90 51 64 100 45 85 85 75 12 73 
75 52 86 10 14 36 63  1 85 47  0 30 54 50 26 92 81 10 84 74 87  5  1 32 54 23 16 76 99 20 38 37 17 35  6 16 87 61 51 14 47 18 78 48 37  2 82 59 90 30 11 57 65 20 19 66 74 46 51 38 
78  7  6 32 31 38 35 70 67 62 30  0 94 35 44 43 100 21  2 51 14 79 84  5 11 99 95 83  8  7 88 41 89 56 76 18 80 16 50 30 47 61 56 86 51  2 52  7 57  8 99 91 88 61 35 20 34 49 92 68 
42 98 33 22  8 45 59 60 12 59 54 94  0 51 67 38 29 81 99 62 23 28 35 96 79 79 60 46 48 73 12 48 17  5 100 31 40 82  1 45  7 88 74 93 91 56 48 87 92 43 26 90 37 20 78 42 54 34 30 100 
76 82 61 64 61 63 90 52 29 77 50 35 51  0 42 55 83 72 69 59 28  9 65 98 84 38 72 58 92 81 31  4  9 34 56 44 28 16 41 68 73 32  4 20  2 73 10 36 90 64 84 69 70  4 11 73 61  2 28 48 
48 72 70 98 34 99 95 81 48 89 26 44 67 42  0 87 65 94 99  1 38 61 67 19 27 46 45 57 38 45 45 27 72 13 96 100 58 28 22 74 85 92 96 100 55 17 70 67 98 54 11 61 55 42  2 26 46 54 98 88 
61 21 81 75 56  2 21 12 51 30 92 43 38 55 87  0 89  8 20 82 15 98 17 34 85 76 48 59 70 86 73 18 33 49 82  2 27 10 51 70 79 45 22 67 88 29 34 79 29 58 70  6 36 81 19 81 97  4 67 67 
17 35 44 79 42 47 36 57 25 54 81 100 29 83 65 89  0 76 14 26 69 32 92 53 71 68 61  7 39 82 86 14 52 99 48 36 60 20 59 76 47 78 63 32 95 10 63 73 75 29 32 45 12 75 77 63 27 25 77 81 
72 48 63 19 63 55 17  3 59 47 10 21 81 72 94  8 76  0 67 36 76  6 88  4 63 59 78 93 81 77 76 22 89 53 10 66 60  2 56 21 23 87 78 96 81 11 79 52 77 64 33 58 55 70 66 70 87 40 64 17 
95 21 40 60 30 85 58 27 59 93 84  2 99 69 99 20 14 67  0  8 24 45 27 69 85 60 63 92 99 52 91 62 28 85 10  3  3 18 69 29 20 42 84 43 96 96  2 69 90 93  6 31 81 34 58 92 63 84 92 84 
48 56  3 79 81 17 94 19 74  1 74 51 62 59  1 82 26 36  8  0 40 38 55 92 11 67 40 75 20 58 42 66 96 14 21 56 14 73 19 65 43 88 58 67 23 23 57 18 11 84 38 93 95 96 39 16 22  4 83 17 
72 79  3 96 37 29 51 17  1 68 87 14 23 28 38 15 69 76 24 40  0 49 31 30 65 71  8 49 38 23 55 95 94 100 99 82 57 44 95 49  5 16 99 58  6 51  1 38  7 24 42 83 23 81 83 25 37 18  4 44 
46 49 80 32 79 95 64 51 74 12  5 79 28  9 61 98 32  6 45 38 49  0 11 56 34 97 60 46 96 62 71 62 14 38 85 44 82 94 25 55 15 45 92 29 25 93 41 87 27 39 26 27 64 69 18 75 94 10 95 82 
19 60 22 63 48 44 52 91 68 37  1 84 35 65 67 17 92 88 27 55 31 11  0 47 64  3 79 25  2 31 19 51 13 64 72  2 79 28 57  2 25 54 39 92  1 87 64 99 99 63 80 16 41  9 19 46 79  1 95 99 
72 65  3 50 44 20 58 47  1  9 32  5 96 98 19 34 53  4 69 92 30 56 47  0 29 91 15 40  5 84 59 46 43 88 11  7 98 69 10 13 70 29 45 14 30 60 84 84  8 99 92 79 55 62 12 49 27 48 16  1 
93 79 29 72 64 48 20 81 63 45 54 11 79 84 27 85 71 63 85 11 65 34 64 29  0 95 84 58 43 55 18 97 17 54  8 38 21  3 41 43  4 85 54 51 63 68 92 93 86 77 50 11 62 16 66 14 10 63 86 34 
34 96 77 60 70 93 26 85 77 22 23 99 79 38 46 76 68 59 60 67 71 97  3 91 95  0 90 16 31 23 62 52 14 21 23 76 43 24 33 71 47 55 93 21 22 56 39 83 61 39 91 40 100  6 67 94 17 13 65 99 
 6 69 82 62 33 76 90 13 63 12 16 95 60 72 45 48 61 78 63 40  8 60 79 15 84 90  0 85 36 24 21 24 65 62  4 77 39 21 91 45 42 58 41 25 90 81 24 79 34 77 24 51 29 42 72 70 53 30 89 63 
55 38  1 86  8 74  2 85  7 79 76 83 46 58 57 59  7 93 92 75 49 46 25 40 58 16 85  0 77 75 46 64 48 26 81 87  7 47 53 56 23 99  3 41 50 63 74 12 89 69 100 87 26 99 30 56 60 12 64 38 
86 99 57 63 76 48 23 33 22 21 99  8 48 92 38 70 39 81 99 20 38 96  2  5 43 31 36 77  0 40 100 14 64 84 54 15 57 55 93 72 25 83 13 36  5 16 58 95 74 73 92 87 82 60 61 24 91 79 63  2 
63 98 62 73 47 90 55 86 20 29 20  7 73 81 45 86 82 77 52 58 23 62 31 84 55 23 24 75 40  0 26  3 70  7 53 28 56 97 97 32 82 79 39 73 29 94 59 24 68 43 84  4 41 89 26 97 67  9 24 83 
64 78 17 86 100 14 89 90 45 26 38 88 12 31 45 73 86 76 91 42 55 71 19 59 18 62 21 46 100 26  0 32 42 11 82 62 19 25 59 18 14  1 93 28  1 96 85 81 33 85 87 63 41 77 94 48 16 61 52 55 
69 49 17 44 51 94 90 20 17 61 37 41 48  4 27 18 14 22 62 66 95 62 51 46 97 52 24 64 14  3 32  0 95 66 100 68 25 99 37 64 37 84 31 27 62 11 43 52 94 61 28 96 49 30 25 75 13 57 58 54 
 2 83 73 14 40 55 83 99 28 29 17 89 17  9 72 33 52 89 28 96 94 14 13 43 17 14 65 48 64 70 42 95  0 41 74 38 73 51 99 80 51 82 57 91 37 16 25 78 76 56 53 23  1 97 95 14 16  9 90 87 
83 49  4  8 76 77  2 80 74 23 35 56  5 34 13 49 99 53 85 14 100 38 64 88 54 21 62 26 84  7 11 66 41  0 16 33 92  8 64 62  2 47 64 26 16 82 67 17 83 52 16 58 70 59  9 60 28 63 36 63 
84  5 95 45  8 73 24 54 70 65  6 76 100 56 96 82 48 10 10 21 99 85 72 11  8 23  4 81 54 53 82 100 74 16  0 31 52 65 76 92 68 34 30 48 53 32 98 84 88 36 93  9 42 77 35 17 46 23 66 94 
10 84 75 36  7 78 37 94 19 86 16 18 31 44 100  2 36 66  3 56 82 44  2  7 38 76 77 87 15 28 62 68 38 33 31  0  1 12 86 81 55 16 45  5 79 32 26 24 48 48 51 12 90 52 77 64 95 98 67 85 
 1 57 33 80 36 41 18 68 70  8 87 80 40 28 58 27 60 60  3 14 57 82 79 98 21 43 39  7 57 56 19 25 73 92 52  1  0 57 98 46 25  5 53 37 29 43 34 21  8 23 42 60 41 71 24 38 91 58  5  7 
16 48  8  3 19 95 17 31 67 57 61 16 82 16 28 10 20  2 18 73 44 94 28 69  3 24 21 47 55 97 25 99 51  8 65 12 57  0 50 83 16 64 85 83 36 21 21 14 60 86 74 31 10 45 80 12 97 76 29 70 
48 47 66 100 100 78  9 16 90 81 51 50  1 41 22 51 59 56 69 19 95 25 57 10 41 33 91 53 93 97 59 37 99 64 76 86 98 50  0 10 11 55 80 87 82 64 48 96 69 36 64  2 11  8 11 18 26 93 49 16 
99 76 97 80 46 64 19 67 46 74 14 30 45 68 74 70 76 21 29 65 49 55  2 13 43 71 45 56 72 32 18 64 80 62 92 81 46 83 10  0 10 19 88 73 29 55 17 35 14 91 42 27 32 21 34 67 19 76 45 73 
64 61 15 77 86 100 47 50 32 11 47 47  7 73 85 79 47 23 20 43  5 15 25 70  4 47 42 23 25 82 14 37 51  2 68 55 25 16 11 10  0 73 20  3 77 52 92 68 72 64 15 24 84 28 49 49  8 21 20 77 
17 83 69 58 26 73 64 52 55  9 18 61 88 32 92 45 78 87 42 88 16 45 54 29 85 55 58 99 83 79  1 84 82 47 34 16  5 64 55 19 73  0 89 14 46 21 23 10  3 90 64 57 96 94 45 70 37 65 94  4 
 4 23 48 42 28 28 83 33 11 36 78 56 74  4 96 22 63 78 84 58 99 92 39 45 54 93 41  3 13 39 93 31 57 64 30 45 53 85 80 88 20 89  0 84 83 68 92 89 36 40 62 28 52  8 33 54 55  2  3 27 
24 58  8 53 28  2  6 49 39 93 48 86 93 20 100 67 32 96 43 67 58 29 92 14 51 21 25 41 36 73 28 27 91 26 48  5 37 83 87 73  3 14 84  0 90 30 58 88 70 99 71 97 55 86 93 67 61 78 86 60 
42 60  8 75 35 18 94 19  6 53 37 51 91  2 55 88 95 81 96 23  6 25  1 30 63 22 90 50  5 29  1 62 37 16 53 79 29 36 82 29 77 46 83 90  0 50  5 19 99 92  2 73  7 18 95 10 17 84 44 64 
87 78 76 34 51 58 78 83 45 49  2  2 56 73 17 29 10 11 96 23 51 93 87 60 68 56 81 63 16 94 96 11 16 82 32 32 43 21 64 55 52 21 68 30 50  0 10 89 16 81 43 45  7 82 35 54 39 55 91 48 
94 58 51 41 26 95 16 72 30 27 82 52 48 10 70 34 63 79  2 57  1 41 64 84 92 39 24 74 58 59 85 43 25 67 98 26 34 21 48 17 92 23 92 58  5 10  0 14 98 29 68 67 24 74 96 19 43 53 43 91 
72 79 10 72 29 40 31 63 58  8 59  7 87 36 67 79 73 52 69 18 38 87 99 84 93 83 79 12 95 24 81 52 78 17 84 24 21 14 96 35 68 10 89 88 19 89 14  0 15 30 83 25  2 83 33 27 85 80  4 81 
46 45 57  2 64 97 22 90 37 38 90 57 92 90 98 29 75 77 90 11  7 27 99  8 86 61 34 89 74 68 33 94 76 83 88 48  8 60 69 14 72  3 36 70 99 16 98 15  0  9  6 90 73 78 66 66 16 97 44 87 
51 20 70 82 55 26  1  1 35 64 30  8 43 64 54 58 29 64 93 84 24 39 63 99 77 39 77 69 73 43 85 61 56 52 36 48 23 86 36 91 64 90 40 99 92 81 29 30  9  0 48 40  4 49 74 63 89 53 16 99 
55 75 33  2 39 13 10 24 77 90 11 99 26 84 11 70 32 33  6 38 42 26 80 92 50 91 24 100 92 84 87 28 53 16 93 51 42 74 64 42 15 64 62 71  2 43 68 83  6 48  0 19 61 54 96 31 22 28 91 86 
28  1 44 59 28  5 87 67 72 51 57 91 90 69 61  6 45 58 31 93 83 27 16 79 11 40 51 87 87  4 63 96 23 58  9 12 60 31  2 27 24 57 28 97 73 45 67 25 90 40 19  0 51 72 86 30 11 94  1 79 
52 63 41 83 25 47 99 14 19 64 65 88 37 70 55 36 12 55 81 95 23 64 41 55 62 100 29 26 82 41 41 49  1 70 42 90 41 10 11 32 84 96 52 55  7  7 24  2 73  4 61 51  0 34  2  6 69 71 75 49 
39 84 39 21 13  1 20 57 95 100 20 61 20  4 42 81 75 70 34 96 81 69  9 62 16  6 42 99 60 89 77 30 97 59 77 52 71 45  8 21 28 94  8 86 18 82 74 83 78 49 54 72 34  0  1 61 10 86 77 98 
 2 48 10 36 29 13 67 20 59 45 19 35 78 11  2 19 77 66 58 39 83 18 19 12 66 67 72 30 61 26 94 25 95  9 35 77 24 80 11 34 49 45 33 93 95 35 96 33 66 74 96 86  2  1  0 85 48 57 34 25 
25 99 80  6 15 72 55 86 39 85 66 20 42 73 26 81 63 70 92 16 25 75 46 49 14 94 70 56 24 97 48 75 14 60 17 64 38 12 18 67 49 70 54 67 10 54 19 27 66 63 31 30  6 61 85  0 22 68 26 70 
28 90 11 29 29 16 36 22 19 85 74 34 54 61 46 97 27 87 63 22 37 94 79 27 10 17 53 60 91 67 16 13 16 28 46 95 91 97 26 19  8 37 55 61 17 39 43 85 16 89 22 11 69 10 48 22  0 26 13 53 
 1 59  6 81 87 27 91 87 51 75 46 49 34  2 54  4 25 40 84  4 18 10  1 48 63 13 30 12 79  9 61 57  9 63 23 98 58 76 93 76 21 65  2 78 84 55 53 80 97 53 28 94 71 86 57 68 26  0 94 39 
48 40 36 23  4 51 56 74 28 12 51 92 30 28 98 67 77 64 92 83  4 95 95 16 86 65 89 64 63 24 52 58 90 36 66 67  5 29 49 45 20 94  3 86 44 91 43  4 44 16 91  1 75 77 34 26 13 94  0 24 
37 11 14 34 78 99 70 88 94 73 38 68 100 48 88 67 81 17 84 17 44 82 99  1 34 99 63 38  2 83 55 54 87 63 94 85  7 70 16 73 77  4 27 60 64 48 91 81 87 99 86 79 49 98 25 70 53 39 24  0 

 0 73  6 77 28 53 51 76 84 13 59 50 10 17 52 19 11 33 82 59 32 85 78 17 22 98 70 43 66 35 36 58 61 44 55 58 70 34  9 32 13 89 84 19 72 73 91 11 77 59 13 76 67  6 66 70 77  7  8 86 
73  0 15 78 73 83 44 21 18 39  5 30 50 19 16  9  1 24 60 74 56 33 74 39  7 83 27 83 38 75 50 13  7 29 90 42 14 17 71 67 79 84 97 71 66 65 95 30 94 81 76 11 42 29 23 73 79 55 98 79 
 6 15  0 48 29 86 46 77 15  2 25 22 41 39 32 80 62 17 49  8 60 55 80  8 14 19 41 67 49 99 75 54  6 87  6 65 85 40 29 57 74 51 52 84  1 54 97 71 67 50 19 66 84 17 14 46 34 96 35 81 
77 78 48  0 95 35  6 84  4 33 97 16 99 42 56 68 47 47 42 35 85 92 15  3 64 12 36 27 75 48  7 73 14 42 23 17 21 80 26  1 12 61 92 12  9  5 65  6 82 25 60 23  3 51 94 31 40 17 77 69 
28 73 29 95  0 23 84 22 32 57 51 45 60 67 81 97 89 99 36 96 40 29  1  1 10 95  4 92 97 18 99 13 41 97 14 55 28 79 78 34 57 13  1 47 79 86 51 55 89 11 77 38 26 100 61 11 41 13 73 97 
53 83 86 35 23  0 81 31 38 19 93 32 100 94 59 70 84 73  9 46 76 38 56  3 71 13 51 43  6  7 93 35 24 51 74 97 90 78 74 66 35 40 26 59 45 32 23 26 75 95 12 25 85  5 31 80 22 27 76 74 
51 44 46  6 84 81  0 19 87 46 15  5 50 47 18 51  2 66 67 41 86  9 57 37  8 71 64 22 95 41 79 64 39  1 27 57 29  6 48 61 79  9 82 58 45 43 85 58 28 61 84 71 41 19 29 91 76 62 54 96 
76 21 77 84 22 31 19  0 17 74 37 97 11 71 11 85 23 61 60 19 49 11 93 93 37 30 86 97 60 19 71 100 44 13 93  2 29 26 43 61 71 100 59 75 83 71 44 31 49 64 39 54 37 52  1 36 70 83 15 42 
84 18 15  4 32 38 87 17  0 34 50 16 88  9 77 32 38 24 23 100 84 65 22 86 24 53 45 12 40 40 22  6  3 32 93 16 71 34 46 92  4 45 20 51 90 61  7 21 92 88 76 84 73 89 28 16 79 28 84 29 
13 39  2 33 57 19 46 74 34  0 56 39  5 48 76 49 23 87 11 78 78 64 99 72 91 74 52 23  6  4 33 87 42 79 23 39 79 86 83 16  8 42 48 15 21 36 75 87 44 93 76 57 88 59 100 94 21 36 14 80 
59  5 25 97 51 93 15 37 50 56  0 21 48 97 85 42 61  2 27 32 82 79 22 54 16 51 49 19  6 25 92 67 36 96 77 11 17 47 75 78 81 28 36  3 19 94 65 15 23 20 41 35 80 73 41 75 55 56 85 55 
50 30 22 16 45 32  5 97 16 39 21  0 19 86 72 99 17 12 69 68 81 67 23 51 10 62 74 35 43 82 81 13 21 18 76  7 48 47 62 96 57 85 39  6  9 31 35 16 48 19 15 14 56 45 60 41  6  7 45 23 
10 50 41 99 60 100 50 11 88  5 48 19  0 97 26 47  2 31 44 41 44  1 42 68 20 13 46 45  2 59 98  3 68 59 51 39 68  5 54 27 96 29 72 19 63 54 11 62 35 100 95 54  8 89 44 34 13 23 67 90 
17 19 39 42 67 94 47 71  9 48 97 86 97  0 41 79 57 78 90 92 64 25 38 21 89 61 83 33 40 42 84 83 72 98 20 24 93 58 50  5 82 42  2 43 10 53 43 35  2 31 17 77 36 83 77 75  7  7 87 85 
52 16 32 56 81 59 18 11 77 76 85 72 26 41  0 53 47 100 51 37 22 94 30 24 77 63 85 88 98 34 69  2 29 24 91 60 30 100 18 22 88 93 86 32 13  5  8 97 77 20  6 61 69 99 48 29  2 61 21 60 
19  9 80 68 97 70 51 85 32 49 42 99 47 79 53  0 70 15 69 85 37 55 47 68 45 78 40  2 59 92 63 76 39 58 76 75 49  3  2 58 16 84 95 51 21 80 65 14 27 44 12 35  9 17 26 32 98 86 44 76 
11  1 62 47 89 84  2 23 38 23 61 17  2 57 47 70  0 31 93 41 60 10 40 41 95 60 56 76 69 52 93  5 81 84 62 68 99 84 50 73 18 66 92 91 52 55 31 85 48 77 58 26 39 16  7 66 47 30 84 67 
33 24 17 47 99 73 66 61 24 87  2 12 31 78 100 15 31  0 80 68 64 89 22 34 97 18 70 21 59 48 83 43 18 94 88 62 15 62 80 30 60 26 25 87 40  4 42 51 58  1 100  6 84 17 24 39 35 11 90 35 
82 60 49 42 36  9 67 60 23 11 27 69 44 90 51 69 93 80  0 42  7 82 91 50 15 76 65 20 54  2  5 66 95 77 28 57 15 52 36 51 49 37 96 64  1 53 48 34 13 38 74 52 10 33 54 13 68 65 31  9 
59 74  8 35 96 46 41 19 100 78 32 68 41 92 37 85 41 68 42  0 56 43 21 94 96 26  6 61 38 74 33 51 10 73 77 25 57 63 37 26 13  3 31 19 58 73 72 87 21 53 95 90 61 80 52 96 43 55 88 87 
32 56 60 85 40 76 86 49 84 78 82 81 44 64 22 37 60 64  7 56  0 17 100 95 54 94 66 93  1 75 31 40 95 86 33 21 40  6 29 85 42 51 10 26 72 21 36 35 62 62 37 11 84 10 79 47 79 66 40 48 
85 33 55 92 29 38  9 11 65 64 79 67  1 25 94 55 10 89 82 43 17  0 16 48 51  1 28 72 23 64 79 12 38 81 46 17 62 28 36 31  2 90 27 51 35 70 29 91 92 28 25 25  6 50 59  3 42 90 35 12 
78 74 80 15  1 56 57 93 22 99 22 23 42 38 30 47 40 22 91 21 100 16  0 92 53 83 21 85 34 95 60 35  7 99  7 33  2 43 29 18 82  5 60 63 18 63 47 23 55 88 50 80 88 11 47 58 60 19  7 30 
17 39  8  3  1  3 37 93 86 72 54 51 68 21 24 68 41 34 50 94 95 48 92  0 24 37 88 94 75 57 84 66 21 97 77 49 28 32 63 27 73  2 90 92 19 52 15 27 75 40 95 21 33 16 29 38 92 80 54 77 
22  7 14 64 10 71  8 37 24 91 16 10 20 89 77 45 95 97 15 96 54 51 53 24  0 23 89 73 46 51 44 85 37 37 36 93 75 15 89 15 86 80 14 20 71 89 75 78 54 68 73 40 52 41 99 30 80 72 38 56 
98 83 19 12 95 13 71 30 53 74 51 62 13 61 63 78 60 18 76 26 94  1 83 37 23  0 77  8 90 35 69 60 48 31 15 59  7 73 53 57 57 51 11 47 14 52 41  5  1 62 89  9 89 71 64  8 71 86 63 23 
70 27 41 36  4 51 64 86 45 52 49 74 46 83 85 40 56 70 65  6 66 28 21 88 89 77  0  9 46 100 25 37 37 45 72 42 87 35 77 97 16 47 51 92 61 42 42 21 66 86 99 77 19 99 99 46 35 18 92  9 
43 83 67 27 92 43 22 97 12 23 19 35 45 33 88  2 76 21 20 61 93 72 85 94 73  8  9  0 27 26 60 83 38 14  1  2 16 81 11 57  4 39 56 60 94  5 89 14 54 11 81 87 49 93 52 37 93 26  3 20 
66 38 49 75 97  6 95 60 40  6  6 43  2 40 98 59 69 59 54 38  1 23 34 75 46 90 46 27  0 96  7 42  3 84 77 78 92 98 64 28 63 14  8 15 85 25 28 26 92 30 90 71 14 76 37  8  4 87 26 49 
35 75 99 48 18  7 41 19 40  4 25 82 59 42 34 92 52 48  2 74 75 64 95 57 51 35 100 26 96  0 89 94 49 18 47  5 66 26 88 46 75 68 15 53  6 51 38 56  8 45 32 35 47 10 34 48 97 88 14 89 
36 50 75  7 99 93 79 71 22 33 92 81 98 84 69 63 93 83  5 33 31 79 60 84 44 69 25 60  7 89  0 88 54 34 74 93 98 85 95 51  2 62 95  3 59 96 46 78 14 83 64 87 56 50 59 74 34 86 28 26 
58 13 54 73 13 35 64 100  6 87 67 13  3 83  2 76  5 43 66 51 40 12 35 66 85 60 37 83 42 94 88  0 77 15 75 45 100 37 80  2 85 22 95 91 71  4 32 17 84 95 59  2 24 84 95 34 31 30 26 29 
61  7  6 14 41 24 39 44  3 42 36 21 68 72 29 39 81 18 95 10 95 38  7 21 37 48 37 38  3 49 54 77  0 60  6 46 56 13  1 59 19 14 69  8 17 97  6 82 37 18 11 39 23 58 53  6  5 20 32 17 
44 29 87 42 97 51  1 13 32 79 96 18 59 98 24 58 84 94 77 73 86 81 99 97 37 31 45 14 84 18 34 15 60  0 87 68 72 80 85 58 95 54 68 58 40 29 96 22 22 16 76 39 16 66 29 85 54 32 64 72 
55 90  6 23 14 74 27 93 93 23 77 76 51 20 91 76 62 88 28 77 33 46  7 77 36 15 72  1 77 47 74 75  6 87  0 75  1 52 75 10 31 47 15 29 100 33 31 48 62 89 47 90 16 32 62 50 11 66 40 87 
58 42 65 17 55 97 57  2 16 39 11  7 39 24 60 75 68 62 57 25 21 17 33 49 93 59 42  2 78  5 93 45 46 68 75  0 79 83 91 77 22 58 57 56 72 30 99 62 89 72 74 26 80 31  2  2  3 40 29 98 
70 14 85 21 28 90 29 29 71 79 17 48 68 93 30 49 99 15 15 57 40 62  2 28 75  7 87 16 92 66 98 100 56 72  1 79  0 87 31 21 20 100 52 64 58 92 83 34 22 49 64 36 56 78  9  7 100 58 64  4 
34 17 40 80 79 78  6 26 34 86 47 47  5 58 100  3 84 62 52 63  6 28 43 32 15 73 35 81 98 26 85 37 13 80 52 83 87  0 17 81 57 43  9 12 46 56 72 80 23 99 87 51 83 80 52 82 86 60 10 53 
 9 71 29 26 78 74 48 43 46 83 75 62 54 50 18  2 50 80 36 37 29 36 29 63 89 53 77 11 64 88 95 80  1 85 75 91 31 17  0 57 76  9 36  9 73 58  5  8 88 57 67 71 73  9 40 76 94 93 19 33 
32 67 57  1 34 66 61 61 92 16 78 96 27  5 22 58 73 30 51 26 85 31 18 27 15 57 97 57 28 46 51  2 59 58 10 77 21 81 57  0 49 68 35 81 53 59 32 96 82 79 61 98 39 76  8 70 34 93 39 46 
13 79 74 12 57 35 79 71  4  8 81 57 96 82 88 16 18 60 49 13 42  2 82 73 86 57 16  4 63 75  2 85 19 95 31 22 20 57 76 49  0 95  6 63 95 18 93 67 45  1 43 16 69 72 90  7 98 69 37 77 
89 84 51 61 13 40  9 100 45 42 28 85 29 42 93 84 66 26 37  3 51 90  5  2 80 51 47 39 14 68 62 22 14 54 47 58 100 43  9 68 95  0 83 99 17 41 20 94 81 67 82 35 37 27 23 83 53 77 22  4 
84 97 52 92  1 26 82 59 20 48 36 39 72  2 86 95 92 25 96 31 10 27 60 90 14 11 51 56  8 15 95 95 69 68 15 57 52  9 36 35  6 83  0 16  3 78 30 43 96  9 62 59 100 37 66 69 45 51  3 38 
19 71 84 12 47 59 58 75 51 15  3  6 19 43 32 51 91 87 64 19 26 51 63 92 20 47 92 60 15 53  3 91  8 58 29 56 64 12  9 81 63 99 16  0  8 15 34 16  2 77  7 82 30  4 27 52 79  2 81  7 
72 66  1  9 79 45 45 83 90 21 19  9 63 10 13 21 52 40  1 58 72 35 18 19 71 14 61 94 85  6 59 71 17 40 100 72 58 46 73 53 95 17  3  8  0 39 67 41 15 57 39 35 90 47 56 38 51 93 51 39 
73 65 54  5 86 32 43 71 61 36 94 31 54 53  5 80 55  4 53 73 21 70 63 52 89 52 42  5 25 51 96  4 97 29 33 30 92 56 58 59 18 41 78 15 39  0 28 75 69 10 86 83 24 25 12  2 51 80 25 26 
91 95 97 65 51 23 85 44  7 75 65 35 11 43  8 65 31 42 48 72 36 29 47 15 75 41 42 89 28 38 46 32  6 96 31 99 83 72  5 32 93 20 30 34 67 28  0 65 98 90 51 61 66  8 61 77 70 98 26 92 
11 30 71  6 55 26 58 31 21 87 15 16 62 35 97 14 85 51 34 87 35 91 23 27 78  5 21 14 26 56 78 17 82 22 48 62 34 80  8 96 67 94 43 16 41 75 65  0 10 57  3 29 25 57 66 23 75 41 37 32 
77 94 67 82 89 75 28 49 92 44 23 48 35  2 77 27 48 58 13 21 62 92 55 75 54  1 66 54 92  8 14 84 37 22 62 89 22 23 88 82 45 81 96  2 15 69 98 10  0 88 94 91 67 78 59 71 66 77 47 41 
59 81 50 25 11 95 61 64 88 93 20 19 100 31 20 44 77  1 38 53 62 28 88 40 68 62 86 11 30 45 83 95 18 16 89 72 49 99 57 79  1 67  9 77 57 10 90 57 88  0 65  7 84 53  2 66  3 52 66 81 
13 76 19 60 77 12 84 39 76 76 41 15 95 17  6 12 58 100 74 95 37 25 50 95 73 89 99 81 90 32 64 59 11 76 47 74 64 87 67 61 43 82 62  7 39 86 51  3 94 65  0 86 31 80  3 39  7 84 80 34 
76 11 66 23 38 25 71 54 84 57 35 14 54 77 61 35 26  6 52 90 11 25 80 21 40  9 77 87 71 35 87  2 39 39 90 26 36 51 71 98 16 35 59 82 35 83 61 29 91  7 86  0 33 92 60 33 84 88 24 77 
67 42 84  3 26 85 41 37 73 88 80 56  8 36 69  9 39 84 10 61 84  6 88 33 52 89 19 49 14 47 56 24 23 16 16 80 56 83 73 39 69 37 100 30 90 24 66 25 67 84 31 33  0  7 50 57 97 74 39  9 
 6 29 17 51 100  5 19 52 89 59 73 45 89 83 99 17 16 17 33 80 10 50 11 16 41 71 99 93 76 10 50 84 58 66 32 31 78 80  9 76 72 27 37  4 47 25  8 57 78 53 80 92  7  0 40  2 28  9 81 68 
66 23 14 94 61 31 29  1 28 100 41 60 44 77 48 26  7 24 54 52 79 59 47 29 99 64 99 52 37 34 59 95 53 29 62  2  9 52 40  8 90 23 66 27 56 12 61 66 59  2  3 60 50 40  0 40 46 87 84 85 
70 73 46 31 11 80 91 36 16 94 75 41 34 75 29 32 66 39 13 96 47  3 58 38 30  8 46 37  8 48 74 34  6 85 50  2  7 82 76 70  7 83 69 52 38  2 77 23 71 66 39 33 57  2 40  0  9 13 43 36 
77 79 34 40 41 22 76 70 79 21 55  6 13  7  2 98 47 35 68 43 79 42 60 92 80 71 35 93  4 97 34 31  5 54 11  3 100 86 94 34 98 53 45 79 51 51 70 75 66  3  7 84 97 28 46  9  0 26 76 72 
 7 55 96 17 13 27 62 83 28 36 56  7 23  7 61 86 30 11 65 55 66 90 19 80 72 86 18 26 87 88 86 30 20 32 66 40 58 60 93 93 69 77 51  2 93 80 98 41 77 52 84 88 74  9 87 13 26  0 92 66 
 8 98 35 77 73 76 54 15 84 14 85 45 67 87 21 44 84 90 31 88 40 35  7 54 38 63 92  3 26 14 28 26 32 64 40 29 64 10 19 39 37 22  3 81 51 25 26 37 47 66 80 24 39 81 84 43 76 92  0 60 
86 79 81 69 97 74 96 42 29 80 55 23 90 85 60 76 67 35  9 87 48 12 30 77 56 23  9 20 49 89 26 29 17 72 87 98  4 53 33 46 77  4 38  7 39 26 92 32 41 81 34 77  9 68 85 36 72 66 60  0 

 0 56 69 19 99 23 76 78 56 35 77  1 20 47 53 81 12 94 12 16 62 52 81 58 78 74 67 60 49 19 82 93 37 98 91 15 61 79 65 94 100 36 39 23 93 61 61 19 81  7 52 85 18 71 15 72 59 92 22 65 
56  0 65  2  4 58 15 14 67 82 30 85 40 37 96 80  5 44 70 84 50 34  3 45 20 44 35 53 70 27 75 51 94 100 14 81 18 100 85 23 38 70 69  7 28 55 28 64 25 45 16 76 60 93 83 13  7  1 54 49 
69 65  0 63 68 85 90 40  5 85 72 36 85 16 50 61 37 49 64 57 79  4 80 78 47 97 29 61 52 89 68 49 31 78 69 64  8 15 98 65 61  7 44 64 47 25 98 56 56 98 57 18  2 33 26 84 85 96 11 75 
19  2 63  0 100 14 29 34 19 35 38 84 65 90 97 47 79 87 96 92 76 72 39 35 66 91 27 87 48 87 36 88 50 85 57 32 34 19 76  6 76 84 64 49 21 57 78 55 21 36 25 58 82  8 30 15 25  4 81 81 
99  4 68 100  0 74 80 52 48  5 91  4 28 67 14 29 44 21  1 39 45 42 15 99 39 26 12 40 37 10 48 81 74 45 34 12 95 54 53 37 48 64 57  8 60 39 78 10 33 53 18 94 84  5 60 12 22 99 66 19 
23 58 85 14 74  0 78 57 35 29 68 42 90 88  1 47  7 44 71 64 49 50  2 90 20 79 63 71 77 17 45 62 65 86 98 80 70 28 89 97 89 54 26 82 48 24 82 96 16 26 93  3 71 59  9 92 47 42 53 74 
76 15 90 29 80 78  0 90 30 61 80 37 69 29 88 17 87 66 23 94 50 18 44 37 89 39 31 61 83 71 43 56 27 57 28 81 51 25  5 78 82 16 49 25 77 54 46 44 36 41 42 18 98 100  2 92 58 71  5 77 
78 14 40 34 52 57 90  0 30 29  6  3 64 48 75 26 46  7 67 21  5 35 45  2 38 31  5 21 87 87 20 52 58  3 54 46 18 100 96 17 38 79 100 45 36 39 86 41 88 91 75 71 63 98 80 45 86 14  3 23 
56 67  5 19 48 35 30 30  0 34 34 22  2 92 75 67 78 71 25 94 64 57 43 45 79 83  7 95 36 96 50 92  5  4 77 82 96 33  2 87 27 67 13 50 59 34 22 87  4 79 62 31 38  5 46 43 27 33 84 33 
35 82 85 35  5 29 61 29 34  0  6 41 40 90 23 32 93  2 21 26 28 71 47 55 64 44 12  4 22 26 52  2 97 81 87 33  5 49 45 33 51 79 60 11 15 76 26 79 99 92 47 79 71 45 99 65 45  7 81 39 
77 30 72 38 91 68 80  6 34  6  0 26 69 85  1 84 61 84 97 23 88 100 95 78 70 30 99 72 34 15 33 45 56 88 95  9 33 21 58 52 20 91 16 10 82 68 80 95 86 46 28 57 58 45 79 21 97 42 66 99 
 1 85 36 84  4 42 37  3 22 41 26  0 83 13 85 72 97 76 24 14 79 91 18  7 35 82 66 78 13 74 69 53 18 53  6 69 57 77 69 79 47  3 78 50 64 46 90 51  6 22 62 18 53 95 86 97 16 30  9 15 
20 40 85 65 28 90 69 64  2 40 69 83  0 54 40 62 48 69  8 30 55 34 99 95 27 41 42  4 88 34 59 77 73 100 86 56 92  7 20 55 58 34 35 48  7 37 79 43 81  7 68 33 13 87 52 67 48 37 80 43 
47 37 16 90 67 88 29 48 92 90 85 13 54  0 28 33 27 55 82 36 38 59 100 57 86 74 20 11  4 34 51 15 12 35 33 86  3 25 29 41 16 100 20 36 92 12 25 62 36 32  6 15  8 54 18 45 11  9 95 65 
53 96 50 97 14  1 88 75 75 23  1 85 40 28  0 25 98  8 47 87 94 97  5 65 49 90 80 27 95 47 93 69 71 54 42 64 96 22 66 19 73 37 91  8 60 65 55 12 40 86 61 80 31 85 95 73 12 81 56 62 
81 80 61 47 29 47 17 26 67 32 84 72 62 33 25  0 40 61 31 62 42 60 88 79  4 90 57 71 22 89 49  2 29 11 72 60 21 82 89 46 97 71 66 17 89 23 24 69 95 38  4 71 29 84  3 47 82  5 64 97 
12  5 37 79 44  7 87 46 78 93 61 97 48 27 98 40  0 75 67  1 22 73 68 72 97 94 67 74 31 90 74 64 51 79 92 93 96 40 99 48 19 23 77 76 87 41 24 94  9  1 35 33 22 19 77 60 49 53 73 99 
94 44 49 87 21 44 66  7 71  2 84 76 69 55  8 61 75  0 78 95 26 76 98 91  8 49 55 19 36 38 49 22 30 72 56 69 41 29 67 93 61 37  2 68 33 38 98 78 75 78 62 30 25 60 40 78 55 89 75 82 
12 70 64 96  1 71 23 67 25 21 97 24  8 82 47 31 67 78  0 77 97  5 13 14 25 17 50 39 75 97  5 50 98 63 93 62 78 21 58 86 52 77 95 26 32 53 99 27 99  2 78 78 67  8 74 46 73 17 79 15 
16 84 57 92 39 64 94 21 94 26 23 14 30 36 87 62  1 95 77  0 24  7 94 17 31  8 20 21  5 90 88 95 53 26 54 48 94 72 14 91 87 100 49 33 29 39 74 13 54 45 63 85 10 24 77 86  2 26 12 28 
62 50 79 76 45 49 50  5 64 28 88 79 55 38 94 42 22 26 97 24  0 98  5 76 52 83 44  7 88 22  7 22 76 24 13 49 89 17 38 59 35  5 13 100 96 85 91 73 22 62 52 19 12 93 21 14 19 53 99 67 
52 34  4 72 42 50 18 35 57 71 100 91 34 59 97 60 73 76  5  7 98  0 95 11 60 16 36 58  5 40 23 13 72 19 90 11 48 88  6 14 71 49 87 72 44 22 95 80 54 69 60 42 26 11 72 46 76 37 44 86 
81  3 80 39 15  2 44 45 43 47 95 18 99 100  5 88 68 98 13 94  5 95  0 93 93 15 18 35  3 100 83 33 79 62 11 98 25 90 23 26 83 46 77 39 26 98 59 98 43 29 32 79 65 64 100  6 88 90 15 56 
58 45 78 35 99 90 37  2 45 55 78  7 95 57 65 79 72 91 14 17 76 11 93  0 41 12 92 35 73 99 32 24 13 84 13  1 97 88 29 14 10  6 70 55 93 29 23 11 44 66 59 63 87 17 39  1 36 83 79  7 
78 20 47 66 39 20 89 38 79 64 70 35 27 86 49  4 97  8 25 31 52 60 93 41  0 59 49 72  3 99 69 56 63 12 40 34 14 78  2 36 64 15 30 42 38  6 37 56 71 75 26 44  2 90 52 59 51 100 36 60 
74 44 97 91 26 79 39 31 83 44 30 82 41 74 90 90 94 49 17  8 83 16 15 12 59  0 92 89 71 49 76 20  2 74 27 98 86 96 86 100 72 83 44  7 25 17 81  9 65 28 92 48  8 46 45 75 99 13 58 72 
67 35 29 27 12 63 31  5  7 12 99 66 42 20 80 57 67 55 50 20 44 36 18 92 49 92  0 25 47  9 52  8 80 99 21 51 62 16 32 17 98 21 95 41 28 11 24 37 88 21 63 41 63 53 99 93 51 98 58 62 
60 53 61 87 40 71 61 21 95  4 72 78  4 11 27 71 74 19 39 21  7 58 35 35 72 89 25  0 24 85 100 72 25 54 77 27 80  6 13 44 88 41 34 47  8 38  9 52 20 64 86 79 45 57 23 58 22 43 12 26 
49 70 52 48 37 77 83 87 36 22 34 13 88  4 95 22 31 36 75  5 88  5  3 73  3 71 47 24  0 76 46 43 79 21 44  1 88 78  3 53 81 41 96 58 53 66 68  4 69 84 87 58 61 41  7 96  3 89 55 27 
19 27 89 87 10 17 71 87 96 26 15 74 34 34 47 89 90 38 97 90 22 40 100 99 99 49  9 85 76  0 33 35  3 78 83 23 14 72 56 17 16 23 88 33 61 16 80 19 28 57 88 76 88 30 97 64 55 81 67 56 
82 75 68 36 48 45 43 20 50 52 33 69 59 51 93 49 74 49  5 88  7 23 83 32 69 76 52 100 46 33  0 61 22 11  6 45 50 100 73 37 20 89 24 20 73 63 97  2 82 52 34 18 91 83 92 96 74 35 43 51 
93 51 49 88 81 62 56 52 92  2 45 53 77 15 69  2 64 22 50 95 22 13 33 24 56 20  8 72 43 35 61  0 84 90 52 48  6 48 12 17 96 46 17 36 62 81 86 72 11 46 16 31 78  8 27  8 97 60 66 69 
37 94 31 50 74 65 27 58  5 97 56 18 73 12 71 29 51 30 98 53 76 72 79 13 63  2 80 25 79  3 22 84  0  4 57 65 51 67 17 53 93 26 28 67 70 36 13 16 93 34  9 46 31  8 36 84  6 58 85 43 
98 100 78 85 45 86 57  3  4 81 88 53 100 35 54 11 79 72 63 26 24 19 62 84 12 74 99 54 21 78 11 90  4  0 58 72 10 69 86 52  8 60 34 80 75 42 69 21  9 72 54 58 33 13 50 20 34 42 63 32 
91 14 69 57 34 98 28 54 77 87 95  6 86 33 42 72 92 56 93 54 13 90 11 13 40 27 21 77 44 83  6 52 57 58  0 20 73 67 34 44 30 68 92 38 89 69 23 98 19 36 54 39  2 77 58 59 97 90 21 90 
15 81 64 32 12 80 81 46 82 33  9 69 56 86 64 60 93 69 62 48 49 11 98  1 34 98 51 27  1 23 45 48 65 72 20  0 41 11 45 40 50 39  3 34 91  1 54  1 26 59 93 26 15 95 53 74 78  5 95 63 
61 18  8 34 95 70 51 18 96  5 33 57 92  3 96 21 96 41 78 94 89 48 25 97 14 86 62 80 88 14 50  6 51 10 73 41  0 20 76 20 35 49 67  2 64 51 67 81 17 48 43 100 30 40 13 76  7  7 82 42 
79 100 15 19 54 28 25 100 33 49 21 77  7 25 22 82 40 29 21 72 17 88 90 88 78 96 16  6 78 72 100 48 67 69 67 11 20  0 53 70 17 24 76  9 74 34 86 46 34 45 10 79 12 35 62 14 38 98 41 50 
65 85 98 76 53 89  5 96  2 45 58 69 20 29 66 89 99 67 58 14 38  6 23 29  2 86 32 13  3 56 73 12 17 86 34 45 76 53  0 49 35 26 68 78 27 88 63 80 70 79 21  8 92 96 16 62 50 99 74 89 
94 23 65  6 37 97 78 17 87 33 52 79 55 41 19 46 48 93 86 91 59 14 26 14 36 100 17 44 53 17 37 17 53 52 44 40 20 70 49  0  3 27 14 18 100 94 35  5 65 71 37 79  9 90 43 54 80 49 50 12 
100 38 61 76 48 89 82 38 27 51 20 47 58 16 73 97 19 61 52 87 35 71 83 10 64 72 98 88 81 16 20 96 93  8 30 50 35 17 35  3  0 10 60 64 54 27 67  7 30 93 24 32 90 17 11 44  5 31 20 63 
36 70  7 84 64 54 16 79 67 79 91  3 34 100 37 71 23 37 77 100  5 49 46  6 15 83 21 41 41 23 89 46 26 60 68 39 49 24 26 27 10  0 10 28  6 45  1 62 60  2 27 72 35 57 82 31 87 69 69 15 
39 69 44 64 57 26 49 100 13 60 16 78 35 20 91 66 77  2 95 49 13 87 77 70 30 44 95 34 96 88 24 17 28 34 92  3 67 76 68 14 60 10  0 13  4 64 88 12  7 31 31 89  5  2  6 12 52 18 22 62 
23  7 64 49  8 82 25 45 50 11 10 50 48 36  8 17 76 68 26 33 100 72 39 55 42  7 41 47 58 33 20 36 67 80 38 34  2  9 78 18 64 28 13  0 83 31 39 68 41 56 55 17 99 98 12 47 38 87 73 87 
93 28 47 21 60 48 77 36 59 15 82 64  7 92 60 89 87 33 32 29 96 44 26 93 38 25 28  8 53 61 73 62 70 75 89 91 64 74 27 100 54  6  4 83  0 30 43 28 33  1 70 35 92 16  9 88 63 86 72 46 
61 55 25 57 39 24 54 39 34 76 68 46 37 12 65 23 41 38 53 39 85 22 98 29  6 17 11 38 66 16 63 81 36 42 69  1 51 34 88 94 27 45 64 31 30  0  2  9 91 20 64 64 56 46  2 61 57 80  9 55 
61 28 98 78 78 82 46 86 22 26 80 90 79 25 55 24 24 98 99 74 91 95 59 23 37 81 24  9 68 80 97 86 13 69 23 54 67 86 63 35 67  1 88 39 43  2  0 88 91  1  4 10 27 70 27 20 89 62 93 83 
19 64 56 55 10 96 44 41 87 79 95 51 43 62 12 69 94 78 27 13 73 80 98 11 56  9 37 52  4 19  2 72 16 21 98  1 81 46 80  5  7 62 12 68 28  9 88  0 83 33 68 16 31 79 96 83 30 82 71 78 
81 25 56 21 33 16 36 88  4 99 86  6 81 36 40 95  9 75 99 54 22 54 43 44 71 65 88 20 69 28 82 11 93  9 19 26 17 34 70 65 30 60  7 41 33 91 91 83  0 43 19 55 74 13 40 36 21 20 74 51 
 7 45 98 36 53 26 41 91 79 92 46 22  7 32 86 38  1 78  2 45 62 69 29 66 75 28 21 64 84 57 52 46 34 72 36 59 48 45 79 71 93  2 31 56  1 20  1 33 43  0 13 96 33 40 27 26 85 29 52 29 
52 16 57 25 18 93 42 75 62 47 28 62 68  6 61  4 35 62 78 63 52 60 32 59 26 92 63 86 87 88 34 16  9 54 54 93 43 10 21 37 24 27 31 55 70 64  4 68 19 13  0 65 98 88 64  2 39 76 89 54 
85 76 18 58 94  3 18 71 31 79 57 18 33 15 80 71 33 30 78 85 19 42 79 63 44 48 41 79 58 76 18 31 46 58 39 26 100 79  8 79 32 72 89 17 35 64 10 16 55 96 65  0  5 99  9 27  4 41 34 79 
18 60  2 82 84 71 98 63 38 71 58 53 13  8 31 29 22 25 67 10 12 26 65 87  2  8 63 45 61 88 91 78 31 33  2 15 30 12 92  9 90 35  5 99 92 56 27 31 74 33 98  5  0 17 69  2  4 67 13 31 
71 93 33  8  5 59 100 98  5 45 45 95 87 54 85 84 19 60  8 24 93 11 64 17 90 46 53 57 41 30 83  8  8 13 77 95 40 35 96 90 17 57  2 98 16 46 70 79 13 40 88 99 17  0 43 88 31 74 14 17 
15 83 26 30 60  9  2 80 46 99 79 86 52 18 95  3 77 40 74 77 21 72 100 39 52 45 99 23  7 97 92 27 36 50 58 53 13 62 16 43 11 82  6 12  9  2 27 96 40 27 64  9 69 43  0 61 50 30 87 56 
72 13 84 15 12 92 92 45 43 65 21 97 67 45 73 47 60 78 46 86 14 46  6  1 59 75 93 58 96 64 96  8 84 20 59 74 76 14 62 54 44 31 12 47 88 61 20 83 36 26  2 27  2 88 61  0 97 77 34 20 
59  7 85 25 22 47 58 86 27 45 97 16 48 11 12 82 49 55 73  2 19 76 88 36 51 99 51 22  3 55 74 97  6 34 97 78  7 38 50 80  5 87 52 38 63 57 89 30 21 85 39  4  4 31 50 97  0 67 10 85 
92  1 96  4 99 42 71 14 33  7 42 30 37  9 81  5 53 89 17 26 53 37 90 83 100 13 98 43 89 81 35 60 58 42 90  5  7 98 99 49 31 69 18 87 86 80 62 82 20 29 76 41 67 74 30 77 67  0 61 28 
22 54 11 81 66 53  5  3 84 81 66  9 80 95 56 64 73 75 79 12 99 44 15 79 36 58 58 12 55 67 43 66 85 63 21 95 82 41 74 50 20 69 22 73 72  9 93 71 74 52 89 34 13 14 87 34 10 61  0 50 
65 49 75 81 19 74 77 23 33 39 99 15 43 65 62 97 99 82 15 28 67 86 56  7 60 72 62 26 27 56 51 69 43 32 90 63 42 50 89 12 63 15 62 87 46 55 83 78 51 29 54 79 31 17 56 20 85 28 50  0 

 0 69 25 13 48 80 59 18 53 39 98 58 74 80 100 32 75  8 78 26 91 95 59 39 43 29 26 14 28 38 30  5 77 63 71 60  5  4 23 90 45 35 74  5 90 37 78 17 54  2 52 17  3 47 39 99 25 94 29 38 
69  0 64 98 63 89 31 20  8 88 39 55 51 62 29  4  7 10 58 22 86 86 85 30 41 55 49 21 21 53 11 94 85  7  6 42 34 16 89 80 70  3 44 99 80  6 62 96 52 96 50  5 42 70  2 37 40 75 87 92 
25 64  0 95 14  1  6 87 21 95 60 34 88 79 58 58 75 11 16 14 45 48 69 23 97 73 75 68  9 59 30 57 34 64 62 66 60 94 11  7 97 35 76  7 28 80 15  7 80 70 28 37 32 11 86 12 91 79 46 91 
13 98 95  0 34 36 47 60 51 47 72 88 12 45 16 79 89 45 88 97 74  2 50 77 71 31 85 54 73 25 29 21  4 16 16 48 32 47 15 41 43 79 92 48 18 30 58 70 37 96 79 83 72 39 38 15 93 44 100 96 
48 63 14 34  0 28 14 47 13 27 99 32 40 69 28 68 53 63 91 28 83 96 52  2 61 77 97 11 44 57 78 98 85 92  2 68 36 43 98 80 11  1 85 74 35 34 15 22 76 71 33 15 59  5 86 94 77 97 49 62 
80 89  1 36 28  0 28 23 87 73 40 48 21 56 75  7 82 51 10 94 56 12 70 39 45 90 63 48 32 16 35  7 26 32 94 91 95 52 14 13  7 76 48 77  1 87 35 96 36 15 44 65 71 91 58 21 65 62 46 24 
59 31  6 47 14 28  0 59 37 53 53 49 31 63 70 84 92 23 71 70 22 70 39 48 14 87 53 65 18 83 43 39 100 31  7  8  7  6 90 97 86 60 100 87 89 35 84 22 60 17 95 65 18 90 69 63 80 56  5 82 
18 20 87 60 47 23 59  0 90 78 71 97 28 67 88 52 100 63 47 73 75 84 21 70 23 32 40 21  2 63 35 13 31 68 43 80 96 38 45 44 79 21 85 71 17 59 55 18 18 34  5 34 52 32  9 35 37 70 23 53 
53  8 21 51 13 87 37 90  0 67 36 99 73 22 48  6 78 83 74 97 46  4 23 77 87 88 89 54 49 100 22 45  5 93 74 62  4 11 17 20 21  1 77 22 28 94 92 34 71 51 71 10  2 15 93 85  6 73 44 57 
39 88 95 47 27 73 53 78 67  0 91 51  5 12  5 97 33 46 80  3 61 57 82 22 30 21 12 69 32 23  6  9 12  7 74 84 55 90 78 41  3 75 31 52 32 90 71 29 73 62 11 19 87 50 49 85 18 95 96 16 
98 39 60 72 99 40 53 71 36 91  0 86  3 70 39 98 12  8 19 80  8  4 44 34 63 18 19 79 26 73 25 64 30 94 12 76 23 49 100 43 70 33 96 51 52 51 48 71 84 32 38 40 61 49 30  7 68 42 50 94 
58 55 34 88 32 48 49 97 99 51 86  0 44 36 45 33 19 55 63 52  1 44 62 50 71 74 19 48 70 57  2 68 58  6 14 71 15 67 61  4  4 50 79 36 90  5 45 69 28 56 87 42 47 71  2 54 21 80 10 16 
74 51 88 12 40 21 31 28 73  5  3 44  0 51 40 91 67 75 59  9 32 73 95 33 58  9  7 10 84 77 63 82 100 54 22 75 67 100 10 81 70 77 64 40  1  8 48  5 59 66 74 66 75 75 77 31 92 77 29 76 
80 62 79 45 69 56 63 67 22 12 70 36 51  0 67 92 69 11 20 29 27 64 51 99 78 66 43 93 51 40 91 11  4 18 60 27 32 47 15 29 39 100 17 23 61 21 69 57 91 24 23  7 26 33 56 94 62 62 52 21 
100 29 58 16 28 75 70 88 48  5 39 45 40 67  0 62 89 78 85 75 76 85 50 18 88 64 54 32 50 87 11 60 18 76 33 59  6 75 30 90 30 54 36 42 84 71 13 81 62 36 96 58 55 89  4 39 53 48 14 50 
32  4 58 79 68  7 84 52  6 97 98 33 91 92 62  0 79 69 46 99 42 73 89 83 46 74 17 96 23  4 73 92 12 47 35 79 88 70 30 27 43 18 77 61 21 86 24 93 27 92 78 60  1 48 39 71 52 49 52  5 
75  7 75 89 53 82 92 100 78 33 12 19 67 69 89 79  0 78 86 95 98 91 70 67 62 86 55 36 84 10 100 75 11 79 17 71  7 38 36 94 50  5 90 22 50 72  8 10 45 67 25  6 54 51 37 33  8 77 71  9 
 8 10 11 45 63 51 23 63 83 46  8 55 75 11 78 69 78  0 54 93 50 73 94 59 55 13 73 65 37 92 90 66 32 97 67 46 16  1 10 94 10 34 75 66 33 75 56 96 41 79 64 27 93 64 64 97 27 85  4 25 
78 58 16 88 91 10 71 47 74 80 19 63 59 20 85 46 86 54  0 14 93 31  6 84 36 51 58 37 21 40 39 39 69 22 32 22 18 89  2 83 93 42 59 97 60 59 21 35 20 64 100 27 66  9  5 39 26 73 23 92 
26 22 14 97 28 94 70 73 97  3 80 52  9 29 75 99 95 93 14  0 69 78 50 57 12 23 18 79 93 79 45 71 98 75 86 29 76 99 89 64 19 60 41  4 47 51 47 39 19 100 52 19 92 50 33 39 81 68 38 47 
91 86 45 74 83 56 22 75 46 61  8  1 32 27 76 42 98 50 93 69  0 63 68  6 62 28 96  4 57 28 62 24  4 43 64 59 23 84 58 23 67 78  3 24  7 97 12 66 70 69 63 88 62 88 93 84 95 45 67 66 
95 86 48  2 96 12 70 84  4 57  4 44 73 64 85 73 91 73 31 78 63  0 80 73 96 19 79 45 29 22  7 69 98 31 55 31 99 31  9  2 43  9 52 94 57 70 42 92 77 13 94 77 58 51 54 87 50 33 27 32 
59 85 69 50 52 70 39 21 23 82 44 62 95 51 50 89 70 94  6 50 68 80  0 59 99 27 96 75 99 19 92 22 63 23 14 36 54 23 52 37 27 89 20 47  1 48 91 39 44 26 11 74 68 50 74 51 36 58 35 40 
39 30 23 77  2 39 48 70 77 22 34 50 33 99 18 83 67 59 84 57  6 73 59  0 67 62 29 87  2 51 29  9 54 18 16 79  9 83 96  1 78 35 55 89  7 14 30 21 38 20 84 34 67 53 81 83 53 93 58 51 
43 41 97 71 61 45 14 23 87 30 63 71 58 78 88 46 62 55 36 12 62 96 99 67  0 43 93  8 33 62 79 14 59 10  2 27 40 51 99 33 11 66 56 12  5 52 47 71 54 66 28 15 97 42 31 13 10 36 71 15 
29 55 73 31 77 90 87 32 88 21 18 74  9 66 64 74 86 13 51 23 28 19 27 62 43  0 12 26 88 60 59 37 82 66  2  5 32 31 54 40 29 62 41 78 28 43 54 92 88  6  5 38 47 10  4  7 77 25 94  4 
26 49 75 85 97 63 53 40 89 12 19 19  7 43 54 17 55 73 58 18 96 79 96 29 93 12  0 73 61  9 34 13 93  6 66 58 21 30 41 31 67 99 97 26  9 79 41 42 97 56 10 48 90 14 27 38  8 95  7 80 
14 21 68 54 11 48 65 21 54 69 79 48 10 93 32 96 36 65 37 79  4 45 75 87  8 26 73  0 93 97 12 31  3 23 14 20 63 98 77 49 39 41 24  6 52 83 13 21 17 98 99 93 88 32 22 34 90 83 64 34 
28 21  9 73 44 32 18  2 49 32 26 70 84 51 50 23 84 37 21 93 57 29 99  2 33 88 61 93  0 72 92 34  7  4  9 70 80 27 78 63 15 89 23 16 79 58 30 39 98 49 80 93 21 90 98 55 16 52 71 67 
38 53 59 25 57 16 83 63 100 23 73 57 77 40 87  4 10 92 40 79 28 22 19 51 62 60  9 97 72  0 36 30 15 18 17 12 75 88 85  4 19 36 50 55 78 34 39 41 53 84  4 88 90 68 51 50 96 60 88 89 
30 11 30 29 78 35 43 35 22  6 25  2 63 91 11 73 100 90 39 45 62  7 92 29 79 59 34 12 92 36  0 97 93 71 96 81 22 43 45 49 67 71 92 43 65 35  7  4 42 42 18 58 23 17 72 16 21 19 80 50 
 5 94 57 21 98  7 39 13 45  9 64 68 82 11 60 92 75 66 39 71 24 69 22  9 14 37 13 31 34 30 97  0 82 57 40 62 28 38 15 42 71 46 12 76 98 69 78 59 71 89 96 90 37 13 57 27 28 83 80  3 
77 85 34  4 85 26 100 31  5 12 30 58 100  4 18 12 11 32 69 98  4 98 63 54 59 82 93  3  7 15 93 82  0 16 77 97 47 66  8 78 82 88 82 42 17 77 23 90  4 55  1 13 48 97 95 73 66 89 13 19 
63  7 64 16 92 32 31 68 93  7 94  6 54 18 76 47 79 97 22 75 43 31 23 18 10 66  6 23  4 18 71 57 16  0 31 27 31 98 62 19 26 30 84 38 14 94 43 19  1 82 73 93 34 40 55 19 53 92 57 89 
71  6 62 16  2 94  7 43 74 74 12 14 22 60 33 35 17 67 32 86 64 55 14 16  2  2 66 14  9 17 96 40 77 31  0 53 93 74 24 39 88 74  4 44 62 93 97 81 41 14 79 77 83 21 95 77 73 53 98 28 
60 42 66 48 68 91  8 80 62 84 76 71 75 27 59 79 71 46 22 29 59 31 36 79 27  5 58 20 70 12 81 62 97 27 53  0 15 76 88  2 94 44 10 24 90 28 91 51 33 77 27  4 91 73 36 99 43 94  2 21 
 5 34 60 32 36 95  7 96  4 55 23 15 67 32  6 88  7 16 18 76 23 99 54  9 40 32 21 63 80 75 22 28 47 31 93 15  0 27 85 24  2 50 40 34 10 88 13 61 80 56 25 99 69 90  3 66 15 27 65 93 
 4 16 94 47 43 52  6 38 11 90 49 67 100 47 75 70 38  1 89 99 84 31 23 83 51 31 30 98 27 88 43 38 66 98 74 76 27  0 72 22 35 57 13 56 57 59 25 77 68 96 83 88 47 59 78 70 94 58  3 92 
23 89 11 15 98 14 90 45 17 78 100 61 10 15 30 30 36 10  2 89 58  9 52 96 99 54 41 77 78 85 45 15  8 62 24 88 85 72  0 16 14 89 78 72 56  5 43 21 93 64 16 38 55 37 71  1 27 31 54 100 
90 80  7 41 80 13 97 44 20 41 43  4 81 29 90 27 94 94 83 64 23  2 37  1 33 40 31 49 63  4 49 42 78 19 39  2 24 22 16  0  7 45 30 35 98 99 59 41 58 76 15 71  7 32 77 11 32 72 84 27 
45 70 97 43 11  7 86 79 21  3 70  4 70 39 30 43 50 10 93 19 67 43 27 78 11 29 67 39 15 19 67 71 82 26 88 94  2 35 14  7  0 61 35 55 58 66 46 75 18 64 97 72 69 92 86 19 21 29 66 90 
35  3 35 79  1 76 60 21  1 75 33 50 77 100 54 18  5 34 42 60 78  9 89 35 66 62 99 41 89 36 71 46 88 30 74 44 50 57 89 45 61  0 58 88 67 24 35 67 66 52  4 90  9  8 38 82 70 38 85 67 
74 44 76 92 85 48 100 85 77 31 96 79 64 17 36 77 90 75 59 41  3 52 20 55 56 41 97 24 23 50 92 12 82 84  4 10 40 13 78 30 35 58  0  4 44 54 21 67 92 61  8 76 64 92 75 25 89 42 93 10 
 5 99  7 48 74 77 87 71 22 52 51 36 40 23 42 61 22 66 97  4 24 94 47 89 12 78 26  6 16 55 43 76 42 38 44 24 34 56 72 35 55 88  4  0 12 67 45 75 29 76  5 25 17 71 69  5 53 92 54 49 
90 80 28 18 35  1 89 17 28 32 52 90  1 61 84 21 50 33 60 47  7 57  1  7  5 28  9 52 79 78 65 98 17 14 62 90 10 57 56 98 58 67 44 12  0 30 13 88 36 92 30 94 30 20 81 69 93 81 66 56 
37  6 80 30 34 87 35 59 94 90 51  5  8 21 71 86 72 75 59 51 97 70 48 14 52 43 79 83 58 34 35 69 77 94 93 28 88 59  5 99 66 24 54 67 30  0 57 54 45  7 45 23 50 37 61  2 54 47 73 100 
78 62 15 58 15 35 84 55 92 71 48 45 48 69 13 24  8 56 21 47 12 42 91 30 47 54 41 13 30 39  7 78 23 43 97 91 13 25 43 59 46 35 21 45 13 57  0 45 31 97 67 47 23 50  9 29 95  2 22 41 
17 96  7 70 22 96 22 18 34 29 71 69  5 57 81 93 10 96 35 39 66 92 39 21 71 92 42 21 39 41  4 59 90 19 81 51 61 77 21 41 75 67 67 75 88 54 45  0 58 57 78  4 88 33 82 31 79  4 64 40 
54 52 80 37 76 36 60 18 71 73 84 28 59 91 62 27 45 41 20 19 70 77 44 38 54 88 97 17 98 53 42 71  4  1 41 33 80 68 93 58 18 66 92 29 36 45 31 58  0 54 83 90 55 82 49 35 75 49 78 18 
 2 96 70 96 71 15 17 34 51 62 32 56 66 24 36 92 67 79 64 100 69 13 26 20 66  6 56 98 49 84 42 89 55 82 14 77 56 96 64 76 64 52 61 76 92  7 97 57 54  0 45 59 35  2 55 60  8 22 38 94 
52 50 28 79 33 44 95  5 71 11 38 87 74 23 96 78 25 64 100 52 63 94 11 84 28  5 10 99 80  4 18 96  1 73 79 27 25 83 16 15 97  4  8  5 30 45 67 78 83 45  0 97 72 67 45  3 51 78 25 93 
17  5 37 83 15 65 65 34 10 19 40 42 66  7 58 60  6 27 27 19 88 77 74 34 15 38 48 93 93 88 58 90 13 93 77  4 99 88 38 71 72 90 76 25 94 23 47  4 90 59 97  0 47  4  2 98 25 26 47 31 
 3 42 32 72 59 71 18 52  2 87 61 47 75 26 55  1 54 93 66 92 62 58 68 67 97 47 90 88 21 90 23 37 48 34 83 91 69 47 55  7 69  9 64 17 30 50 23 88 55 35 72 47  0 15 13 95  6  7 30 81 
47 70 11 39  5 91 90 32 15 50 49 71 75 33 89 48 51 64  9 50 88 51 50 53 42 10 14 32 90 68 17 13 97 40 21 73 90 59 37 32 92  8 92 71 20 37 50 33 82  2 67  4 15  0 49 30  7 95  9 59 
39  2 86 38 86 58 69  9 93 49 30  2 77 56  4 39 37 64  5 33 93 54 74 81 31  4 27 22 98 51 72 57 95 55 95 36  3 78 71 77 86 38 75 69 81 61  9 82 49 55 45  2 13 49  0  6 18 41 27 52 
99 37 12 15 94 21 63 35 85 85  7 54 31 94 39 71 33 97 39 39 84 87 51 83 13  7 38 34 55 50 16 27 73 19 77 99 66 70  1 11 19 82 25  5 69  2 29 31 35 60  3 98 95 30  6  0 65 11 34  7 
25 40 91 93 77 65 80 37  6 18 68 21 92 62 53 52  8 27 26 81 95 50 36 53 10 77  8 90 16 96 21 28 66 53 73 43 15 94 27 32 21 70 89 53 93 54 95 79 75  8 51 25  6  7 18 65  0 42  3 86 
94 75 79 44 97 62 56 70 73 95 42 80 77 62 48 49 77 85 73 68 45 33 58 93 36 25 95 83 52 60 19 83 89 92 53 94 27 58 31 72 29 38 42 92 81 47  2  4 49 22 78 26  7 95 41 11 42  0 29 86 
29 87 46 100 49 46  5 23 44 96 50 10 29 52 14 52 71  4 23 38 67 27 35 58 71 94  7 64 71 88 80 80 13 57 98  2 65  3 54 84 66 85 93 54 66 73 22 64 78 38 25 47 30  9 27 34  3 29  0 82 
38 92 91 96 62 24 82 53 57 16 94 16 76 21 50  5  9 25 92 47 66 32 40 51 15  4 80 34 67 89 50  3 19 89 28 21 93 92 100 27 90 67 10 49 56 100 41 40 18 94 93 31 81 59 52  7 86 86 82  0 

 0 89 20 78 73 27 20 73 35 84 12 94 30 84 34 46 48 71 71 61 11 54 98 92 87 36 15 76 88 50 86 37 57 28 30  1 52 24 13 83 12 41 67 32 39 18 35 46 65 44 33  5 49  3 97 97 23 40 21 46 
89  0 47 27 26 71 93 97 62 73 64 78 17 37 67 47 53 19 98 80  5 86 50 38 25 13 41 47 96 62 21  1  2 82 28 18 85 47 25 46 21 98 21 92  2 33 49 30 53 97 85 64 88 82 86 36 52 38 56 67 
20 47  0 98 24  4 35 94 39 59 47 51 63 93 85 44 73 31 73 88 83 94 36 64 43 92 37 81 85 23 94 42 54 71 67 78 30 57 37 35 21 47 53 12 93 58 55  3  9 20 90 96 64 17 86 20 19 39 82 90 
78 27 98  0 22 40 63 85  7 15  4 52 73 22 63 73 87 79 26 96 87 14 30 96 19 30 43 26 48 43 23 80 33 74 20 74 85  4 52 13 43 92 94  1 86 40 20 91 29 16 25 37 73  3 59 74 70 33 85 34 
73 26 24 22  0 84 57 86 52 94 74 49 32 61 97 100 44 54 63 23 96 67 12 69 78 73 60 70 15 10 18 18 81 39 59 15 25 35 27 53 50 16 32 10 30  2 12 81 34 32 36 20 28 35 49 31 42 69 52 46 
27 71  4 40 84  0 71 77 49 51 15 26 29 17 83 18 21 67 41 91 20 10 76  1 39 55 53 51 14 68 22 67 72 46 11 70 93 69  9  5 20 50 19 97 36  9 25 91  8 46 91 44 37 80 17 89 54 32 19 64 
20 93 35 63 57 71  0 75 81 69 48 26 90 45 66  9 15 54 69 10 37 52 91 15 47 47 70 75 55 71 95 12 43 45 46  3 96 65 87 77 76 57 96 21  1 12 16 77 42 78 56 33 23 59  2 29 34 16 31 33 
73 97 94 85 86 77 75  0 66 17 93 32 62 67 66 44 26 27 40 88 42 57 41 95 94 44  4 46 12 47  7 42 68 89 87 79 86 53 16 44 60 28 27 93 71 50 10 41 91 59 67 36 64 58 96 88 70 66 57 27 
35 62 39  7 52 49 81 66  0 43 19 30 38  4 83 59 17 86 75 42 42 77 72 51 29 57 54 94 38 94 18 72 76 61 83 22 92 31 91 57 74 72 36 76 78 72 22 54 10 79 93 41  2 74 19 58 86 49 29 43 
84 73 59 15 94 51 69 17 43  0 96 72 49 41 84 20 90 30  3 61 10 88 68 83 27  6 22 21 68 14 56 36 83 20 68 86 84 65 64 44 24 43  8 39  4 50 43 88  9 37 39 99 46 92 53 37  6 31 41 45 
12 64 47  4 74 15 48 93 19 96  0  9 88 82 98 94 63 34 15 25 29 77 17 92 19  9 92 87  3 63 88 59 70 91 79 28 47 13 71 43 41  4 63 12 31 47  4 66 84 47 31 42 37 79 34 70 36 83 73 20 
94 78 51 52 49 26 26 32 30 72  9  0 90 82 46 93 47 96 38 61 29 40 55  2 83 76 73 72 81 32 70 55 52 39 21 48 17 60  1  4 37 80 69 84  6  3 95 76 14  9 14 63 40 14 96 10 26 38 32 17 
30 17 63 73 32 29 90 62 38 49 88 90  0 89 100 86 50  3 11 98 85 17 42 63 61 73 31 100 75 35 20 61 92 23 80  3 22 21 24 84 31 22 100 87 72 29 92 54 22  6 73 32 60 82  4  8 55 17 32 53 
84 37 93 22 61 17 45 67  4 41 82 82 89  0 41 21 41 60 66 10 53 76 76 94 72 44 75 20 10 66 73 26 69 52 77 87 48 89  7  4 49 64 63 20 42 93 16 24 98 82 56 16 57 49  6 59 96 85 50 21 
34 67 85 63 97 83 66 66 83 84 98 46 100 41  0 36 70 95 31 33 39 55 71 49 57 90 21 90 49 68 26 63  1 57 49 78 30 78 23 79 100 10  1 51 21 39 39 44 74 33 46  9 11 96 64 64 34 24  4 33 
46 47 44 73 100 18  9 44 59 20 94 93 86 21 36  0 13 88 97 88 20 42 14 28 18 73 17  5 71 56 31 16 57 90  6 59 55 83  1 69 17 79 99 55 98 47  7 16 22 59 52 53 74 79 69 73 67 38 91 14 
48 53 73 87 44 21 15 26 17 90 63 47 50 41 70 13  0 24 83  9 86 79 83 43 71 86 59 83 30 63 31 85 97 94 67  6  7 73 12 97 76 32 62 47 82 71  7 71 43 22 46 37 100 89 87 34  6 40 97 57 
71 19 31 79 54 67 54 27 86 30 34 96  3 60 95 88 24  0 75 42 13 72  5 11 75 39 89 33 59 49  4 85 51 29 50 90 23 47 47 68 82 100 60 75 49 18 12  5 42 35 78 40 72 31 72 22 41 59 42 27 
71 98 73 26 63 41 69 40 75  3 15 38 11 66 31 97 83 75  0 59  7 76 58 11 45 20 33 42 48 92 74 15 40 28 70 60 69 11 26 70 50 63 66 68 37 18 60 72  5 38 57 67 82 19 83 45 95  5 56 77 
61 80 88 96 23 91 10 88 42 61 25 61 98 10 33 88  9 42 59  0 73 40  9 23 92 58 67 42 17 22 11 90 89 63 88 92 62 52 82 10 35  6 71 88 79 35 36 95 27 11 26 37 33 17 76 23 67 99 54 40 
11  5 83 87 96 20 37 42 42 10 29 29 85 53 39 20 86 13  7 73  0 53 35 57 42 29 58 86 88 50 99 93 55 96 21 94 48 98 13 72 26 22 53 29 67 97 94 73 88  4 100  9 16 23 67 52 62 67 31  9 
54 86 94 14 67 10 52 57 77 88 77 40 17 76 55 42 79 72 76 40 53  0 83 81  8 30 62 91 13 74 29  9 34 47 77 53  6 87 67 60 19 48 51 36 12 80 23 57 33 100 85 30 70  6 88 56 80 60 54 74 
98 50 36 30 12 76 91 41 72 68 17 55 42 76 71 14 83  5 58  9 35 83  0 96 84 84 31 100 69 61 66 87 97 35 42 12 75 24 81  3 98 33 19 97 61 52 34 97 86  1 96 66 66 57 48 75 23 27 98 23 
92 38 64 96 69  1 15 95 51 83 92  2 63 94 49 28 43 11 11 23 57 81 96  0 12 56  4 57 35 24 26 28 62 20 20 78 44 88  8 57 31 37 65 22 100 79 52 12 90 80 38 56 76 34  3 40 85 44 17 82 
87 25 43 19 78 39 47 94 29 27 19 83 61 72 57 18 71 75 45 92 42  8 84 12  0 15 83 87 26 88 61 60 71 94 31 25 10 86 53 65  9 40 72 45 50 22 34 69 76 45  3 18 10  5 35 55 67 94 91 13 
36 13 92 30 73 55 47 44 57  6  9 76 73 44 90 73 86 39 20 58 29 30 84 56 15  0 98  7 22 81 66 39 60 88 17 40 90 99 19 73 13 27 99  9 17 89 17 67 10 29 100  8 51 86 80 49 38 60 55 10 
15 41 37 43 60 53 70  4 54 22 92 73 31 75 21 17 59 89 33 67 58 62 31  4 83 98  0 30 93 31 54 83 52 53 23 93 42 90 10 11 62 56 19 13 37 84 10  1 34 100 38 82 31  4 59 36 27 65 87 88 
76 47 81 26 70 51 75 46 94 21 87 72 100 20 90  5 83 33 42 42 86 91 100 57 87  7 30  0 40 40 76 10 36  9 12  2 50 87 11 85 65 36 89 54 79 57 31 76 80 75 78 30 77  8 84 46 95 91 57 98 
88 96 85 48 15 14 55 12 38 68  3 81 75 10 49 71 30 59 48 17 88 13 69 35 26 22 93 40  0 89 10 75 65 83 65 99 19 63 55 63 48 61 77 28 65  3 90 17 19 67 91 25  6 42  9 89 65 85  5 97 
50 62 23 43 10 68 71 47 94 14 63 32 35 66 68 56 63 49 92 22 50 74 61 24 88 81 31 40 89  0 94 19 49 92 86 62 43  1 16 74 62 77 91 26 78 75 83 90 98 42 54 61 22 12 65 32 25 30 86 47 
86 21 94 23 18 22 95  7 18 56 88 70 20 73 26 31 31  4 74 11 99 29 66 26 61 66 54 76 10 94  0 97 39 26 63 30 40 61 13 93 71  3 34 72 29 47 35 91 26 62 38 84 15 95  2 94 29 62 66 70 
37  1 42 80 18 67 12 42 72 36 59 55 61 26 63 16 85 85 15 90 93  9 87 28 60 39 83 10 75 19 97  0 81  4 31 41 81 68 16 18 20 81 75 87 93  2 79 27 25 27 62 28 100 66 59 44 98 71 30  1 
57  2 54 33 81 72 43 68 76 83 70 52 92 69  1 57 97 51 40 89 55 34 97 62 71 60 52 36 65 49 39 81  0 88 39  7 40 60 85 51 41 77 59 82 84 35 52 19 66 15 85 55 97 76 51 22 25  2 68 78 
28 82 71 74 39 46 45 89 61 20 91 39 23 52 57 90 94 29 28 63 96 47 35 20 94 88 53  9 83 92 26  4 88  0 71 59 95 50 32 98 88 30 67 39 89 28 26 99 57 54  6 42 17 90 38 98 24 18 21 45 
30 28 67 20 59 11 46 87 83 68 79 21 80 77 49  6 67 50 70 88 21 77 42 20 31 17 23 12 65 86 63 31 39 71  0 86 38 68 93 11 37 25  4 20  4 73 20 75 68 97 49 41 100 23 45 82 83  2 14 96 
 1 18 78 74 15 70  3 79 22 86 28 48  3 87 78 59  6 90 60 92 94 53 12 78 25 40 93  2 99 62 30 41  7 59 86  0 83 42 21 33 80 62 11 40  1 42 20 10  4 15 78 95 23 88 95 76 40 50  4 45 
52 85 30 85 25 93 96 86 92 84 47 17 22 48 30 55  7 23 69 62 48  6 75 44 10 90 42 50 19 43 40 81 40 95 38 83  0 47 48 27 62 58 96 56 83 88  4 43 47 92 35 17  2 29 21 88 26 45 80 98 
24 47 57  4 35 69 65 53 31 65 13 60 21 89 78 83 73 47 11 52 98 87 24 88 86 99 90 87 63  1 61 68 60 50 68 42 47  0 64 90 93 15 62 86 66 81 20 49 85 39  5 30 56 19 37 13 97 67  7 26 
13 25 37 52 27  9 87 16 91 64 71  1 24  7 23  1 12 47 26 82 13 67 81  8 53 19 10 11 55 16 13 16 85 32 93 21 48 64  0 35 22  1 22 27  2 45 61 38 63 88 67 81 26 21 16 100 19 13 37  7 
83 46 35 13 53  5 77 44 57 44 43  4 84  4 79 69 97 68 70 10 72 60  3 57 65 73 11 85 63 74 93 18 51 98 11 33 27 90 35  0 73 67 98 80 10 84 18 33 14 18 21 91 54 49  9 27 89 45 82 60 
12 21 21 43 50 20 76 60 74 24 41 37 31 49 100 17 76 82 50 35 26 19 98 31  9 13 62 65 48 62 71 20 41 88 37 80 62 93 22 73  0 75 58 47 65  3 17 73 59 50 52 60 73 65 98 37 100 56 98 93 
41 98 47 92 16 50 57 28 72 43  4 80 22 64 10 79 32 100 63  6 22 48 33 37 40 27 56 36 61 77  3 81 77 30 25 62 58 15  1 67 75  0 43 45 22 15 14 38  6  2 14 20 10 66 72 54 45 34 64 68 
67 21 53 94 32 19 96 27 36  8 63 69 100 63  1 99 62 60 66 71 53 51 19 65 72 99 19 89 77 91 34 75 59 67  4 11 96 62 22 98 58 43  0 91 18 61 35 15  9 25 75 18 87  7 42 77  3 71 39 71 
32 92 12  1 10 97 21 93 76 39 12 84 87 20 51 55 47 75 68 88 29 36 97 22 45  9 13 54 28 26 72 87 82 39 20 40 56 86 27 80 47 45 91  0 35 19  1 63 56 31 90 63 60 37 93 41 11 60 61 47 
39  2 93 86 30 36  1 71 78  4 31  6 72 42 21 98 82 49 37 79 67 12 61 100 50 17 37 79 65 78 29 93 84 89  4  1 83 66  2 10 65 22 18 35  0 32 77  9 17 17 28 52 15 48 73 25  2 55 63 12 
18 33 58 40  2  9 12 50 72 50 47  3 29 93 39 47 71 18 18 35 97 80 52 79 22 89 84 57  3 75 47  2 35 28 73 42 88 81 45 84  3 15 61 19 32  0 60 93 40 88 54 13 40 81 40 57 23 83 25 29 
35 49 55 20 12 25 16 10 22 43  4 95 92 16 39  7  7 12 60 36 94 23 34 52 34 17 10 31 90 83 35 79 52 26 20 20  4 20 61 18 17 14 35  1 77 60  0 40 70 65 17 93 98 67 94 78 78 68 26 68 
46 30  3 91 81 91 77 41 54 88 66 76 54 24 44 16 71  5 72 95 73 57 97 12 69 67  1 76 17 90 91 27 19 99 75 10 43 49 38 33 73 38 15 63  9 93 40  0 49 97 70 49 26 70 44 55 58 77 99  3 
65 53  9 29 34  8 42 91 10  9 84 14 22 98 74 22 43 42  5 27 88 33 86 90 76 10 34 80 19 98 26 25 66 57 68  4 47 85 63 14 59  6  9 56 17 40 70 49  0 37 30 12  9 64  1 18 73 98 13 14 
44 97 20 16 32 46 78 59 79 37 47  9  6 82 33 59 22 35 38 11  4 100  1 80 45 29 100 75 67 42 62 27 15 54 97 15 92 39 88 18 50  2 25 31 17 88 65 97 37  0 67 98 23  5 36 79 34 79 75 13 
33 85 90 25 36 91 56 67 93 39 31 14 73 56 46 52 46 78 57 26 100 85 96 38  3 100 38 78 91 54 38 62 85  6 49 78 35  5 67 21 52 14 75 90 28 54 17 70 30 67  0 76 12 78 14 55 86 40 61 44 
 5 64 96 37 20 44 33 36 41 99 42 63 32 16  9 53 37 40 67 37  9 30 66 56 18  8 82 30 25 61 84 28 55 42 41 95 17 30 81 91 60 20 18 63 52 13 93 49 12 98 76  0 85 49 12  9 55 26 94 78 
49 88 64 73 28 37 23 64  2 46 37 40 60 57 11 74 100 72 82 33 16 70 66 76 10 51 31 77  6 22 15 100 97 17 100 23  2 56 26 54 73 10 87 60 15 40 98 26  9 23 12 85  0 48 40 82 45 60 10 95 
 3 82 17  3 35 80 59 58 74 92 79 14 82 49 96 79 89 31 19 17 23  6 57 34  5 86  4  8 42 12 95 66 76 90 23 88 29 19 21 49 65 66  7 37 48 81 67 70 64  5 78 49 48  0 69 83 50 62 25 28 
97 86 86 59 49 17  2 96 19 53 34 96  4  6 64 69 87 72 83 76 67 88 48  3 35 80 59 84  9 65  2 59 51 38 45 95 21 37 16  9 98 72 42 93 73 40 94 44  1 36 14 12 40 69  0 80  9 73 21 93 
97 36 20 74 31 89 29 88 58 37 70 10  8 59 64 73 34 22 45 23 52 56 75 40 55 49 36 46 89 32 94 44 22 98 82 76 88 13 100 27 37 54 77 41 25 57 78 55 18 79 55  9 82 83 80  0  8 37  7 32 
23 52 19 70 42 54 34 70 86  6 36 26 55 96 34 67  6 41 95 67 62 80 23 85 67 38 27 95 65 25 29 98 25 24 83 40 26 97 19 89 100 45  3 11  2 23 78 58 73 34 86 55 45 50  9  8  0 17 10 84 
40 38 39 33 69 32 16 66 49 31 83 38 17 85 24 38 40 59  5 99 67 60 27 44 94 60 65 91 85 30 62 71  2 18  2 50 45 67 13 45 56 34 71 60 55 83 68 77 98 79 40 26 60 62 73 37 17  0 59 84 
21 56 82 85 52 19 31 57 29 41 73 32 32 50  4 91 97 42 56 54 31 54 98 17 91 55 87 57  5 86 66 30 68 21 14  4 80  7 37 82 98 64 39 61 63 25 26 99 13 75 61 94 10 25 21  7 10 59  0 17 
46 67 90 34 46 64 33 27 43 45 20 17 53 21 33 14 57 27 77 40  9 74 23 82 13 10 88 98 97 47 70  1 78 45 96 45 98 26  7 60 93 68 71 47 12 29 68  3 14 13 44 78 95 28 93 32 84 84 17  0 
