facilities = 60 objectives = 3 max_distances = 100 max flows = 100 correlation = 0.500000 seed = 23453464
 0 41 13 68 15 92  7 28  4 48 75 78 42 76 48 61 17 72 95 48 72 46 19 72 93 34  6 55 86 63 64 69  2 83 84 10  1 16 48 99 64 17  4 24 42 87 94 72 46 51 55 28 52 39  2 25 28  1 48 37 
41  0 46 17 74 28 90 53 95 36 52  7 98 82 72 21 35 48 21 56 79 49 60 65 79 96 69 38 99 98 78 49 83 49  5 84 57 48 47 76 61 83 23 58 60 78 58 79 45 20 75  1 63 84 48 99 90 59 40 11 
13 46  0 71 27 72 39  5  5 56 86  6 33 61 70 81 44 63 40  3  3 80 22  3 29 77 82  1 57 62 17 17 73  4 95 75 33  8 66 97 15 69 48  8  8 76 51 10 57 70 33 44 41 39 10 80 11  6 36 14 
68 17 71  0 50 31 93 52 19 35 10 32 22 64 98 75 79 19 60 79 96 32 63 50 72 60 62 86 63 73 86 44 14  8 45 36 80  3 100 80 77 58 42 53 75 34 41 72  2 82  2 59 83 21 36  6 29 81 23 34 
15 74 27 50  0 51 74 91 14 39 14 31  8 61 34 56 42 63 30 81 37 79 48 44 64 70 33  8 76 47 100 51 40 76  8  7 36 19 100 46 86 26 28 28 35 51 26 29 64 55 39 28 25 13 29 15 29 87  4 78 
92 28 72 31 51  0  4 74 81 44 36 38 45 63 99  2 47 55 85 17 29 95 44 20 48 93 76 74 48 90 14 94 55 77 73 78 41 95 78 64 100 73 28  2 18 58 95 40 97 26 13  5 47  1 13 72 16 27 51 99 
 7 90 39 93 74  4  0 37 68 72 63 35 59 90 95 21 36 17 58 94 51 64 52 58 20 26 90  2 23 55 89 90 83  2 24 37 18 17  9 19 47 64 83  6 94 78 16 31 22  1 10 87 99 20 67 55 36 91 56 70 
28 53  5 52 91 74 37  0 21 62  1 70 60 52 81 12 57  3 27 19 17 51 91 47 81 85 13 85 33 86 90 20 99 80 54 94 68 31 16 67 50 52 33 49 19 83 72 63 90  1 24 67 14 57 20 86 22 87 74 88 
 4 95  5 19 14 81 68 21  0 27 85 67 12 29 48 51 25 59 59 74  1 74 68  1 63 77 63  7 22 20 45 17 28 74 70 19 70 67 90 46 32 55 11 39  6 45 30 58 37 35 77 72 19 95 59 39 19 51 28 94 
48 36 56 35 39 44 72 62 27  0 47 62 59 77 89 30 54 47 93  1 68 12 37  9 45 22 12 79 21 29 26 61 29 23 65 86  8 57 81 74 11  9 36 93 53 49 27  8 38 64 90 51 64 100 45 85 85 75 12 73 
75 52 86 10 14 36 63  1 85 47  0 30 54 50 26 92 81 10 84 74 87  5  1 32 54 23 16 76 99 20 38 37 17 35  6 16 87 61 51 14 47 18 78 48 37  2 82 59 90 30 11 57 65 20 19 66 74 46 51 38 
78  7  6 32 31 38 35 70 67 62 30  0 94 35 44 43 100 21  2 51 14 79 84  5 11 99 95 83  8  7 88 41 89 56 76 18 80 16 50 30 47 61 56 86 51  2 52  7 57  8 99 91 88 61 35 20 34 49 92 68 
42 98 33 22  8 45 59 60 12 59 54 94  0 51 67 38 29 81 99 62 23 28 35 96 79 79 60 46 48 73 12 48 17  5 100 31 40 82  1 45  7 88 74 93 91 56 48 87 92 43 26 90 37 20 78 42 54 34 30 100 
76 82 61 64 61 63 90 52 29 77 50 35 51  0 42 55 83 72 69 59 28  9 65 98 84 38 72 58 92 81 31  4  9 34 56 44 28 16 41 68 73 32  4 20  2 73 10 36 90 64 84 69 70  4 11 73 61  2 28 48 
48 72 70 98 34 99 95 81 48 89 26 44 67 42  0 87 65 94 99  1 38 61 67 19 27 46 45 57 38 45 45 27 72 13 96 100 58 28 22 74 85 92 96 100 55 17 70 67 98 54 11 61 55 42  2 26 46 54 98 88 
61 21 81 75 56  2 21 12 51 30 92 43 38 55 87  0 89  8 20 82 15 98 17 34 85 76 48 59 70 86 73 18 33 49 82  2 27 10 51 70 79 45 22 67 88 29 34 79 29 58 70  6 36 81 19 81 97  4 67 67 
17 35 44 79 42 47 36 57 25 54 81 100 29 83 65 89  0 76 14 26 69 32 92 53 71 68 61  7 39 82 86 14 52 99 48 36 60 20 59 76 47 78 63 32 95 10 63 73 75 29 32 45 12 75 77 63 27 25 77 81 
72 48 63 19 63 55 17  3 59 47 10 21 81 72 94  8 76  0 67 36 76  6 88  4 63 59 78 93 81 77 76 22 89 53 10 66 60  2 56 21 23 87 78 96 81 11 79 52 77 64 33 58 55 70 66 70 87 40 64 17 
95 21 40 60 30 85 58 27 59 93 84  2 99 69 99 20 14 67  0  8 24 45 27 69 85 60 63 92 99 52 91 62 28 85 10  3  3 18 69 29 20 42 84 43 96 96  2 69 90 93  6 31 81 34 58 92 63 84 92 84 
48 56  3 79 81 17 94 19 74  1 74 51 62 59  1 82 26 36  8  0 40 38 55 92 11 67 40 75 20 58 42 66 96 14 21 56 14 73 19 65 43 88 58 67 23 23 57 18 11 84 38 93 95 96 39 16 22  4 83 17 
72 79  3 96 37 29 51 17  1 68 87 14 23 28 38 15 69 76 24 40  0 49 31 30 65 71  8 49 38 23 55 95 94 100 99 82 57 44 95 49  5 16 99 58  6 51  1 38  7 24 42 83 23 81 83 25 37 18  4 44 
46 49 80 32 79 95 64 51 74 12  5 79 28  9 61 98 32  6 45 38 49  0 11 56 34 97 60 46 96 62 71 62 14 38 85 44 82 94 25 55 15 45 92 29 25 93 41 87 27 39 26 27 64 69 18 75 94 10 95 82 
19 60 22 63 48 44 52 91 68 37  1 84 35 65 67 17 92 88 27 55 31 11  0 47 64  3 79 25  2 31 19 51 13 64 72  2 79 28 57  2 25 54 39 92  1 87 64 99 99 63 80 16 41  9 19 46 79  1 95 99 
72 65  3 50 44 20 58 47  1  9 32  5 96 98 19 34 53  4 69 92 30 56 47  0 29 91 15 40  5 84 59 46 43 88 11  7 98 69 10 13 70 29 45 14 30 60 84 84  8 99 92 79 55 62 12 49 27 48 16  1 
93 79 29 72 64 48 20 81 63 45 54 11 79 84 27 85 71 63 85 11 65 34 64 29  0 95 84 58 43 55 18 97 17 54  8 38 21  3 41 43  4 85 54 51 63 68 92 93 86 77 50 11 62 16 66 14 10 63 86 34 
34 96 77 60 70 93 26 85 77 22 23 99 79 38 46 76 68 59 60 67 71 97  3 91 95  0 90 16 31 23 62 52 14 21 23 76 43 24 33 71 47 55 93 21 22 56 39 83 61 39 91 40 100  6 67 94 17 13 65 99 
 6 69 82 62 33 76 90 13 63 12 16 95 60 72 45 48 61 78 63 40  8 60 79 15 84 90  0 85 36 24 21 24 65 62  4 77 39 21 91 45 42 58 41 25 90 81 24 79 34 77 24 51 29 42 72 70 53 30 89 63 
55 38  1 86  8 74  2 85  7 79 76 83 46 58 57 59  7 93 92 75 49 46 25 40 58 16 85  0 77 75 46 64 48 26 81 87  7 47 53 56 23 99  3 41 50 63 74 12 89 69 100 87 26 99 30 56 60 12 64 38 
86 99 57 63 76 48 23 33 22 21 99  8 48 92 38 70 39 81 99 20 38 96  2  5 43 31 36 77  0 40 100 14 64 84 54 15 57 55 93 72 25 83 13 36  5 16 58 95 74 73 92 87 82 60 61 24 91 79 63  2 
63 98 62 73 47 90 55 86 20 29 20  7 73 81 45 86 82 77 52 58 23 62 31 84 55 23 24 75 40  0 26  3 70  7 53 28 56 97 97 32 82 79 39 73 29 94 59 24 68 43 84  4 41 89 26 97 67  9 24 83 
64 78 17 86 100 14 89 90 45 26 38 88 12 31 45 73 86 76 91 42 55 71 19 59 18 62 21 46 100 26  0 32 42 11 82 62 19 25 59 18 14  1 93 28  1 96 85 81 33 85 87 63 41 77 94 48 16 61 52 55 
69 49 17 44 51 94 90 20 17 61 37 41 48  4 27 18 14 22 62 66 95 62 51 46 97 52 24 64 14  3 32  0 95 66 100 68 25 99 37 64 37 84 31 27 62 11 43 52 94 61 28 96 49 30 25 75 13 57 58 54 
 2 83 73 14 40 55 83 99 28 29 17 89 17  9 72 33 52 89 28 96 94 14 13 43 17 14 65 48 64 70 42 95  0 41 74 38 73 51 99 80 51 82 57 91 37 16 25 78 76 56 53 23  1 97 95 14 16  9 90 87 
83 49  4  8 76 77  2 80 74 23 35 56  5 34 13 49 99 53 85 14 100 38 64 88 54 21 62 26 84  7 11 66 41  0 16 33 92  8 64 62  2 47 64 26 16 82 67 17 83 52 16 58 70 59  9 60 28 63 36 63 
84  5 95 45  8 73 24 54 70 65  6 76 100 56 96 82 48 10 10 21 99 85 72 11  8 23  4 81 54 53 82 100 74 16  0 31 52 65 76 92 68 34 30 48 53 32 98 84 88 36 93  9 42 77 35 17 46 23 66 94 
10 84 75 36  7 78 37 94 19 86 16 18 31 44 100  2 36 66  3 56 82 44  2  7 38 76 77 87 15 28 62 68 38 33 31  0  1 12 86 81 55 16 45  5 79 32 26 24 48 48 51 12 90 52 77 64 95 98 67 85 
 1 57 33 80 36 41 18 68 70  8 87 80 40 28 58 27 60 60  3 14 57 82 79 98 21 43 39  7 57 56 19 25 73 92 52  1  0 57 98 46 25  5 53 37 29 43 34 21  8 23 42 60 41 71 24 38 91 58  5  7 
16 48  8  3 19 95 17 31 67 57 61 16 82 16 28 10 20  2 18 73 44 94 28 69  3 24 21 47 55 97 25 99 51  8 65 12 57  0 50 83 16 64 85 83 36 21 21 14 60 86 74 31 10 45 80 12 97 76 29 70 
48 47 66 100 100 78  9 16 90 81 51 50  1 41 22 51 59 56 69 19 95 25 57 10 41 33 91 53 93 97 59 37 99 64 76 86 98 50  0 10 11 55 80 87 82 64 48 96 69 36 64  2 11  8 11 18 26 93 49 16 
99 76 97 80 46 64 19 67 46 74 14 30 45 68 74 70 76 21 29 65 49 55  2 13 43 71 45 56 72 32 18 64 80 62 92 81 46 83 10  0 10 19 88 73 29 55 17 35 14 91 42 27 32 21 34 67 19 76 45 73 
64 61 15 77 86 100 47 50 32 11 47 47  7 73 85 79 47 23 20 43  5 15 25 70  4 47 42 23 25 82 14 37 51  2 68 55 25 16 11 10  0 73 20  3 77 52 92 68 72 64 15 24 84 28 49 49  8 21 20 77 
17 83 69 58 26 73 64 52 55  9 18 61 88 32 92 45 78 87 42 88 16 45 54 29 85 55 58 99 83 79  1 84 82 47 34 16  5 64 55 19 73  0 89 14 46 21 23 10  3 90 64 57 96 94 45 70 37 65 94  4 
 4 23 48 42 28 28 83 33 11 36 78 56 74  4 96 22 63 78 84 58 99 92 39 45 54 93 41  3 13 39 93 31 57 64 30 45 53 85 80 88 20 89  0 84 83 68 92 89 36 40 62 28 52  8 33 54 55  2  3 27 
24 58  8 53 28  2  6 49 39 93 48 86 93 20 100 67 32 96 43 67 58 29 92 14 51 21 25 41 36 73 28 27 91 26 48  5 37 83 87 73  3 14 84  0 90 30 58 88 70 99 71 97 55 86 93 67 61 78 86 60 
42 60  8 75 35 18 94 19  6 53 37 51 91  2 55 88 95 81 96 23  6 25  1 30 63 22 90 50  5 29  1 62 37 16 53 79 29 36 82 29 77 46 83 90  0 50  5 19 99 92  2 73  7 18 95 10 17 84 44 64 
87 78 76 34 51 58 78 83 45 49  2  2 56 73 17 29 10 11 96 23 51 93 87 60 68 56 81 63 16 94 96 11 16 82 32 32 43 21 64 55 52 21 68 30 50  0 10 89 16 81 43 45  7 82 35 54 39 55 91 48 
94 58 51 41 26 95 16 72 30 27 82 52 48 10 70 34 63 79  2 57  1 41 64 84 92 39 24 74 58 59 85 43 25 67 98 26 34 21 48 17 92 23 92 58  5 10  0 14 98 29 68 67 24 74 96 19 43 53 43 91 
72 79 10 72 29 40 31 63 58  8 59  7 87 36 67 79 73 52 69 18 38 87 99 84 93 83 79 12 95 24 81 52 78 17 84 24 21 14 96 35 68 10 89 88 19 89 14  0 15 30 83 25  2 83 33 27 85 80  4 81 
46 45 57  2 64 97 22 90 37 38 90 57 92 90 98 29 75 77 90 11  7 27 99  8 86 61 34 89 74 68 33 94 76 83 88 48  8 60 69 14 72  3 36 70 99 16 98 15  0  9  6 90 73 78 66 66 16 97 44 87 
51 20 70 82 55 26  1  1 35 64 30  8 43 64 54 58 29 64 93 84 24 39 63 99 77 39 77 69 73 43 85 61 56 52 36 48 23 86 36 91 64 90 40 99 92 81 29 30  9  0 48 40  4 49 74 63 89 53 16 99 
55 75 33  2 39 13 10 24 77 90 11 99 26 84 11 70 32 33  6 38 42 26 80 92 50 91 24 100 92 84 87 28 53 16 93 51 42 74 64 42 15 64 62 71  2 43 68 83  6 48  0 19 61 54 96 31 22 28 91 86 
28  1 44 59 28  5 87 67 72 51 57 91 90 69 61  6 45 58 31 93 83 27 16 79 11 40 51 87 87  4 63 96 23 58  9 12 60 31  2 27 24 57 28 97 73 45 67 25 90 40 19  0 51 72 86 30 11 94  1 79 
52 63 41 83 25 47 99 14 19 64 65 88 37 70 55 36 12 55 81 95 23 64 41 55 62 100 29 26 82 41 41 49  1 70 42 90 41 10 11 32 84 96 52 55  7  7 24  2 73  4 61 51  0 34  2  6 69 71 75 49 
39 84 39 21 13  1 20 57 95 100 20 61 20  4 42 81 75 70 34 96 81 69  9 62 16  6 42 99 60 89 77 30 97 59 77 52 71 45  8 21 28 94  8 86 18 82 74 83 78 49 54 72 34  0  1 61 10 86 77 98 
 2 48 10 36 29 13 67 20 59 45 19 35 78 11  2 19 77 66 58 39 83 18 19 12 66 67 72 30 61 26 94 25 95  9 35 77 24 80 11 34 49 45 33 93 95 35 96 33 66 74 96 86  2  1  0 85 48 57 34 25 
25 99 80  6 15 72 55 86 39 85 66 20 42 73 26 81 63 70 92 16 25 75 46 49 14 94 70 56 24 97 48 75 14 60 17 64 38 12 18 67 49 70 54 67 10 54 19 27 66 63 31 30  6 61 85  0 22 68 26 70 
28 90 11 29 29 16 36 22 19 85 74 34 54 61 46 97 27 87 63 22 37 94 79 27 10 17 53 60 91 67 16 13 16 28 46 95 91 97 26 19  8 37 55 61 17 39 43 85 16 89 22 11 69 10 48 22  0 26 13 53 
 1 59  6 81 87 27 91 87 51 75 46 49 34  2 54  4 25 40 84  4 18 10  1 48 63 13 30 12 79  9 61 57  9 63 23 98 58 76 93 76 21 65  2 78 84 55 53 80 97 53 28 94 71 86 57 68 26  0 94 39 
48 40 36 23  4 51 56 74 28 12 51 92 30 28 98 67 77 64 92 83  4 95 95 16 86 65 89 64 63 24 52 58 90 36 66 67  5 29 49 45 20 94  3 86 44 91 43  4 44 16 91  1 75 77 34 26 13 94  0 24 
37 11 14 34 78 99 70 88 94 73 38 68 100 48 88 67 81 17 84 17 44 82 99  1 34 99 63 38  2 83 55 54 87 63 94 85  7 70 16 73 77  4 27 60 64 48 91 81 87 99 86 79 49 98 25 70 53 39 24  0 

 0 48  4 33 28 58 99 86 25  1 43 96 91 29 67 60 31 60 46 48 90 54 51 80 93 94 62 66 68 25 17 86 80 46 67 47 80 85 23 30 26  1 94 40 35 57 60 47 71 36 15 99 93 28 14  6 54 79 53 94 
48  0 49  8 87 69 13  5 21 15  3 97 90 32 67 53 13 13 40 15 80 73 84 27 98 90 80 72 89 11 75 22  8  9 78 75 17 61 54 77 67 85 45 60  7 30 78 72 28  5 71 69 26  8 30 96 58 39  6 52 
 4 49  0 82 15  8 46 55  5 57 74  4 40  9 86 11 58 72 11 87 77 98 79 93 85 28 85 30 81 62 58 96 41 65 30  8 28 34 11 42 47 51 43 25 63 24 30 97 84 30 12 47 44 97 39 35 76 12 85 93 
33  8 82  0  5 39 12 87 96 60 29  4 17 46 52 38 49 13 82  3 47 96 22 83 83 89 32 100 77  6 74 86 73 44 67 60 52 75 40 44 10 78 59 64 46 54 74 54 73 29 31  8 32 10 51 28 13 59 88 74 
28 87 15  5  0 64 65 35 38 38 18 64 14 13 75 34 55  2 71 17 66  3 70 89 82 47 93 21 64 48 27  9 47 82 13 24 34 39 46 70 72 16 35 40  2 35 70 56 74 48 68 74 21 28  3  3 92 95 99 39 
58 69  8 39 64  0 49 21 82 88  8 75 67 51  2 48 25 62 64  2 91  9 68 74 24 77 21 30 27 36 100 24 37 79 42 12 70 71 34 16 28 59 49 77 59 85 20  9 15 25 43 31 11 21 86 18 72 57 65 20 
99 13 46 12 65 49  0 97 50 67  3 51 84 26 38 43 11 43 34 77 77 90 99 78 69 21 44 35 43  8 54 98 75 61 61 92 79 33 21 21 45 27  5 97 84 36 65 61 29 19 20  1 86 19 27 55 37 20 92 23 
86  5 55 87 35 21 97  0  5  2 42 38  6 74  9 22 24 84 87 69 72 25 92 42  8 89 20 82 89 66 22 43 88 42 84 53 13 97 12 17 98 47 95 82 61 25 93  1  7 26 80 75 52 82 72 98 82 10 15 53 
25 21  5 96 38 82 50  5  0 22 93 47 73 44 35 15 43  9  2 36 97  2 77 72 84 40 87 38 68 97 18 93 65 13 74 33  5 18 89 15 26 97 88 96 39 92  2 37 52  2  8 13 20 82 63 100 62 92 61 61 
 1 15 57 60 38 88 67  2 22  0 26 20  7 97  4 38 41 80 80 21 78 79 69 13 79 29  7 27 36 19 25 47 78 40 24 97 17 91 23 29 54 59 72 98 11 14 92 90 57 92 83 16  8 47 60 20 85 67  1 48 
43  3 74 29 18  8  3 42 93 26  0 65 64  9 38 83 97 84  6 93 93 50 43 76 39 89 90  3 24 14 93 15 68 75  4 89 83  6 99 98  4 21 18 61 87 10 46 52  5 70 21 21 36 40 65 11 76 28 72 64 
96 97  4  4 64 75 51 38 47 20 65  0 92 30 34 59 19 87  6 57 38 95  1 21 31 52 91 100 13 85 63 47 70 28  5 21 24 83  3 65 71 63 87 21 32 60 76 24 75 68 39  1 28 34  1 13 86 10 48 54 
91 90 40 17 14 67 84  6 73  7 64 92  0 65 76 33 24 66 90 29 58 50 53 41 40 50 36 47 15  3 10 17 98 56 82 33 41 13 39 58 43 43 82 21 91 71  1 44 30 85 33 23 95 74  3 40 35 99 26 86 
29 32  9 46 13 51 26 74 44 97  9 30 65  0 80 29 97 94 95 37 72 58 19 51 12 80 83 21 100 47 65 35 70 98 38 48 77 49 25 21 45 41 47 47 17 45 68 71 31  2 20 65 70 84  6 75 86 76 88 21 
67 67 86 52 75  2 38  9 35  4 38 34 76 80  0 95 87 38 83 90 53 44 41 50 52 86 99 53 12 26  4  8 93 49 43 16 89  1 45 44 32 46  3 13 18 91 59  1 13 67 55 77 29 98  1 37 77 29 18 91 
60 53 11 38 34 48 43 22 15 38 83 59 33 29 95  0 67 27 61 61 63 73 14 30  5 96 92 82 96 54 33 35 75 84  6 16 46 64 11 97 51 68 91 32 89 63 12 72 22 55 65 52 93 97 10 28 78  3 42 87 
31 13 58 49 55 25 11 24 43 41 97 19 24 97 87 67  0 80 87 93 19  8 31 38 57 15 98 10 17 13 54 15 23 15 54 91 94 74 41 50 94  6 75 82 97 52 10 19 88 12 83  9 55 55 12 64 42 43 83  1 
60 13 72 13  2 62 43 84  9 80 84 87 66 94 38 27 80  0  3 100 91 72  1 50 63 72 47  9 21 10 62 97  9 77 84 21 30 34 55 99 44 79 93 84 49  7 80 76  9 58 84  2 28  1 86 62  7 63 63  4 
46 40 11 82 71 64 34 87  2 80  6  6 90 95 83 61 87  3  0 70 29 34 34 70 64 100 50 39 74 82 15 20 89 91 77 34 60 84 10 32 78 61 73 45 51  8 78 16 10  7 97 73 56 18 87 79 19 52 31 29 
48 15 87  3 17  2 77 69 36 21 93 57 29 37 90 61 93 100 70  0  4 19 98  8 90 47 94 48 44 12  4  4 16 71 33 76  9 20  9 64 95 35 95 82 10 55 28 74 56 89  3 75 25 86  9  7 57 63  4 82 
90 80 77 47 66 91 77 72 97 78 93 38 58 72 53 63 19 91 29  4  0 21  4 75 29 39 23 95 76  7 57 11 60 50  7 37 69 83 55 77 20 13 75 43 84  1 37 80 69 53  1  9 45 77 98  2 84 10 81 30 
54 73 98 96  3  9 90 25  2 79 50 95 50 58 44 73  8 72 34 19 21  0 92 77 18 66 35 19 26  9  2 93 91  2 49 100  9 82 96 61 82 12 37 34 62 37 85 62 92 46  8 78 94 97  1 43 22 80 20 87 
51 84 79 22 70 68 99 92 77 69 43  1 53 19 41 14 31  1 34 98  4 92  0 95  4 97 13 88 100 78 71  2 10 92 58 17 70 62 32 14 14 58 73 17 14 78 33 100 91 81 84 56 67 88 66 96 28 41 64 24 
80 27 93 83 89 74 78 42 72 13 76 21 41 51 50 30 38 50 70  8 75 77 95  0 91 50 20 37 85 18 34 81  6 78 44 15 92 27 16 97 35 14 35 21 13 45 24 49  1 18 23 64 51 40 16 40 56 71 27 60 
93 98 85 83 82 24 69  8 84 79 39 31 40 12 52  5 57 63 64 90 29 18  4 91  0 74 44 77 44 32 50 29 28 43  2 16 24 37 12 63 69  2 65 38 82 47 87  9 79 25  3 15 32 90 79 39 55 100 14 69 
94 90 28 89 47 77 21 89 40 29 89 52 50 80 86 96 15 72 100 47 39 66 97 50 74  0 57 64 78 17 47 67 17 99 19 87  3 54 82 21 24 29 35 39 86 58  9 20 92 23 95 43 100 74 87 65  1 63 41 44 
62 80 85 32 93 21 44 20 87  7 90 91 36 83 99 92 98 47 50 94 23 35 13 20 44 57  0 22 35 23 17 28  9  3 77 52 77 77 62  4 37 45 99 13 91 11 23 94 51 48 72 47 100 41 68 57 57 48 88 63 
66 72 30 100 21 30 35 82 38 27  3 100 47 21 53 82 10  9 39 48 95 19 88 37 77 64 22  0 17 83 65 40 21 53 66 31 72 55 77 98 79 33 34 87 14 34  3 97 49 31 71  8 85 18 21 30 99 10 94 51 
68 89 81 77 64 27 43 89 68 36 24 13 15 100 12 96 17 21 74 44 76 26 100 85 44 78 35 17  0 100 47 15 70 23 93  5 50 77 85 85 18 48 32 23  8 29 28 51  9 86 74 38 67 84 30 81 18 55  3 21 
25 11 62  6 48 36  8 66 97 19 14 85  3 47 26 54 13 10 82 12  7  9 78 18 32 17 23 83 100  0 71 13 33 77 77 61 75 31 24 39 24 38 65 63 78 40 95 51 87  5 21 56 92 48 73 83 57  2 62  7 
17 75 58 74 27 100 54 22 18 25 93 63 10 65  4 33 54 62 15  4 57  2 71 34 50 47 17 65 47 71  0 61 86 36 79 42 35 35 38 61 83 38  6 32 88 55 43  5 79 45 23 96 35 93 69 68 88 70 54 63 
86 22 96 86  9 24 98 43 93 47 15 47 17 35  8 35 15 97 20  4 11 93  2 81 29 67 28 40 15 13 61  0 74 13 58  9 29 60 23 11 67 90 36 99 98 38 28 43 62 87 49 74 41 22  8  7 38 27 14 37 
80  8 41 73 47 37 75 88 65 78 68 70 98 70 93 75 23  9 89 16 60 91 10  6 28 17  9 21 70 33 86 74  0 50 88  3 99  3 43 53 33 76 100 90 56 60 87  8 93 91  4 66 85 86 69 62  6 71 97 67 
46  9 65 44 82 79 61 42 13 40 75 28 56 98 49 84 15 77 91 71 50  2 92 78 43 99  3 53 23 77 36 13 50  0 84 72 59 29 100 69 91 40 89 21  7 56 42 58 19  6 24 91 14  1 98 82 61  9 38 53 
67 78 30 67 13 42 61 84 74 24  4  5 82 38 43  6 54 84 77 33  7 49 58 44  2 19 77 66 93 77 79 58 88 84  0 32 37 40 30 66  9 76 24 23  3 85 32 36 92 36 73 16 83 98 35 94 25 15 77 94 
47 75  8 60 24 12 92 53 33 97 89 21 33 48 16 16 91 21 34 76 37 100 17 15 16 87 52 31  5 61 42  9  3 72 32  0 97 71 88 89  2  9 36 77 81 76 61 88 92 17 31 88 89 44 94 54 12  6 92 98 
80 17 28 52 34 70 79 13  5 17 83 24 41 77 89 46 94 30 60  9 69  9 70 92 24  3 77 72 50 75 35 29 99 59 37 97  0 17 77 48 59 65 81 11 92  2 68  3 64 67  4 56 56 92 55 68 61 66 47 10 
85 61 34 75 39 71 33 97 18 91  6 83 13 49  1 64 74 34 84 20 83 82 62 27 37 54 77 55 77 31 35 60  3 29 40 71 17  0 27 16 15 69 36 90  1 10 17 96 72 94 84  2 81 71 40 100 80 46 67 15 
23 54 11 40 46 34 21 12 89 23 99  3 39 25 45 11 41 55 10  9 55 96 32 16 12 82 62 77 85 24 38 23 43 100 30 88 77 27  0 33 55 60  7 100 62 29 100 54 81 83 66  6 55 88 63 84 74 36 63 30 
30 77 42 44 70 16 21 17 15 29 98 65 58 21 44 97 50 99 32 64 77 61 14 97 63 21  4 98 85 39 61 11 53 69 66 89 48 16 33  0 46 35 52 14 70 73 36 61 30 65 92 45 88  7 80 39 90 19 79 15 
26 67 47 10 72 28 45 98 26 54  4 71 43 45 32 51 94 44 78 95 20 82 14 35 69 24 37 79 18 24 83 67 33 91  9  2 59 15 55 46  0 17 92 77 83 15 55 93 21 74 15 51 19 50 58 81 88  5 94 23 
 1 85 51 78 16 59 27 47 97 59 21 63 43 41 46 68  6 79 61 35 13 12 58 14  2 29 45 33 48 38 38 90 76 40 76  9 65 69 60 35 17  0 59 36 10 46 12 33 37  7 81 51 29 43 33 67 15 25 34  4 
94 45 43 59 35 49  5 95 88 72 18 87 82 47  3 91 75 93 73 95 75 37 73 35 65 35 99 34 32 65  6 36 100 89 24 36 81 36  7 52 92 59  0 78 46 90 83 52 89 71 77  2 51 24 19 22 65 94  8 49 
40 60 25 64 40 77 97 82 96 98 61 21 21 47 13 32 82 84 45 82 43 34 17 21 38 39 13 87 23 63 32 99 90 21 23 77 11 90 100 14 77 36 78  0 23 74 11 72 28 22 93 82 53 97 73 29 19 100 47 84 
35  7 63 46  2 59 84 61 39 11 87 32 91 17 18 89 97 49 51 10 84 62 14 13 82 86 91 14  8 78 88 98 56  7  3 81 92  1 62 70 83 10 46 23  0 20 91  9 83 47  3 15 80 82 10 13 87 83 24 38 
57 30 24 54 35 85 36 25 92 14 10 60 71 45 91 63 52  7  8 55  1 37 78 45 47 58 11 34 29 40 55 38 60 56 85 76  2 10 29 73 15 46 90 74 20  0 40 18 42 15 63 81 29 74 41 22 26 69 77 91 
60 78 30 74 70 20 65 93  2 92 46 76  1 68 59 12 10 80 78 28 37 85 33 24 87  9 23  3 28 95 43 28 87 42 32 61 68 17 100 36 55 12 83 11 91 40  0 29 16 100 71 36 40 100 82 28 57 100 31 22 
47 72 97 54 56  9 61  1 37 90 52 24 44 71  1 72 19 76 16 74 80 62 100 49  9 20 94 97 51 51  5 43  8 58 36 88  3 96 54 61 93 33 52 72  9 18 29  0 31 56 52 49 53 65 69 71 24 45  4  2 
71 28 84 73 74 15 29  7 52 57  5 75 30 31 13 22 88  9 10 56 69 92 91  1 79 92 51 49  9 87 79 62 93 19 92 92 64 72 81 30 21 37 89 28 83 42 16 31  0 41 22 46 12 10 68 90 24 78 30 88 
36  5 30 29 48 25 19 26  2 92 70 68 85  2 67 55 12 58  7 89 53 46 81 18 25 23 48 31 86  5 45 87 91  6 36 17 67 94 83 65 74  7 71 22 47 15 100 56 41  0 79 99 37 36 66 84 61 68  2 77 
15 71 12 31 68 43 20 80  8 83 21 39 33 20 55 65 83 84 97  3  1  8 84 23  3 95 72 71 74 21 23 49  4 24 73 31  4 84 66 92 15 81 77 93  3 63 71 52 22 79  0 38 49 97 27 18 84  7 91 66 
99 69 47  8 74 31  1 75 13 16 21  1 23 65 77 52  9  2 73 75  9 78 56 64 15 43 47  8 38 56 96 74 66 91 16 88 56  2  6 45 51 51  2 82 15 81 36 49 46 99 38  0  4 77 86 53 72  6 29 36 
93 26 44 32 21 11 86 52 20  8 36 28 95 70 29 93 55 28 56 25 45 94 67 51 32 100 100 85 67 92 35 41 85 14 83 89 56 81 55 88 19 29 51 53 80 29 40 53 12 37 49  4  0 96 44 17  9 76 14 36 
28  8 97 10 28 21 19 82 82 47 40 34 74 84 98 97 55  1 18 86 77 97 88 40 90 74 41 18 84 48 93 22 86  1 98 44 92 71 88  7 50 43 24 97 82 74 100 65 10 36 97 77 96  0 50 91 95 91 98 63 
14 30 39 51  3 86 27 72 63 60 65  1  3  6  1 10 12 86 87  9 98  1 66 16 79 87 68 21 30 73 69  8 69 98 35 94 55 40 63 80 58 33 19 73 10 41 82 69 68 66 27 86 44 50  0 13  6 86 10 57 
 6 96 35 28  3 18 55 98 100 20 11 13 40 75 37 28 64 62 79  7  2 43 96 40 39 65 57 30 81 83 68  7 62 82 94 54 68 100 84 39 81 67 22 29 13 22 28 71 90 84 18 53 17 91 13  0 67 80 93 77 
54 58 76 13 92 72 37 82 62 85 76 86 35 86 77 78 42  7 19 57 84 22 28 56 55  1 57 99 18 57 88 38  6 61 25 12 61 80 74 90 88 15 65 19 87 26 57 24 24 61 84 72  9 95  6 67  0 47 100 22 
79 39 12 59 95 57 20 10 92 67 28 10 99 76 29  3 43 63 52 63 10 80 41 71 100 63 48 10 55  2 70 27 71  9 15  6 66 46 36 19  5 25 94 100 83 69 100 45 78 68  7  6 76 91 86 80 47  0 74 98 
53  6 85 88 99 65 92 15 61  1 72 48 26 88 18 42 83 63 31  4 81 20 64 27 14 41 88 94  3 62 54 14 97 38 77 92 47 67 63 79 94 34  8 47 24 77 31  4 30  2 91 29 14 98 10 93 100 74  0 64 
94 52 93 74 39 20 23 53 61 48 64 54 86 21 91 87  1  4 29 82 30 87 24 60 69 44 63 51 21  7 63 37 67 53 94 98 10 15 30 15 23  4 49 84 38 91 22  2 88 77 66 36 36 63 57 77 22 98 64  0 

 0 82  9 11 27 36 95 56 39 17 65 84 82 17 53 74 68 86 55 43 73 49 47 74 91 60 73 34 36 21 17 55 46 47 17 40 59 53  5 41 34 43 86 90 41 72 20 50 22 34  3 67 90 46 35  3 62 23 31 50 
82  0 55 44 71 85 20  9 97 38 43 79 73 98 77 96  6 26 59 18 64 88 99 28 83 78 16 47 71 31 53 42 21 52 70 60 44 97 34 37 73 66 41 98 30 40 80 67  5 61 23 21 35 43 76 65 62 15  7 48 
 9 55  0 73 24 24 80 20 32 66 68 61 12 41 93 49 45 94 40 51 71 96 13 87 78 68 85 85 96 10 64 84 33 86 88 28 12 67 83 30 27 25 74 53 76 25  9 95 85 44 23 57 40 46 21  7 68 85 88 42 
11 44 73  0 44 47 45 80 52 74 27 37 46 38 54 80 65  1 72  6  9 100 35 81 89 86 40 76 78 36 57 79 58 38 73 60 47 94 38 96 17 74 77 86 85 50 41 41 53 27 22 22 15 17 13 79 23 47 43 28 
27 71 24 44  0 58 47 55 52 58  1 67 32 23 92 36 87 15 11 43 60  6 46 79 76 49 84 12 25 40 56 24 86 96 43 22 25 64 50 73 89  3 40 47 11 55 50 59 59 94 60 64 85 49 10 31 52 77 64 70 
36 85 24 47 58  0 32 21 96 80 42 65 52 77 29 48 40 56 70 50 64 17 73 42 10 67 20 48 49 23 98  8 41 68 67 10 50 73 32 35 49 64 56 79 61 81 22 18 66 28 54 27  2 35 88 31 84 90 100 18 
95 20 80 45 47 32  0 57 40 38 32 83 97 24 50  6 18 15 35 85 66 97 78 60 47 22 51  7 57 22 58 49 54 25 72 95 33 34 18 30 18  7 53 77 80 83 62 74 19 27 24 29 91 44  1 43 58  3 99 26 
56  9 20 80 55 21 57  0 30 15 28 29 24 91 18 27 20 85 95 84 13 15 73 33 10 94 48 86 64 75 17 36 40 28 24 88 23 86  6  5 88 11 87 85 61 29 91 30 21 58 85 23  2 71 74 81 74 18  4 69 
39 97 32 52 52 96 40 30  0 46 94 68 36 32 57 59 87 15 13 37 89 12 97 88 85 38 71 79 65 68 46 95 54 29 34 67  4 47 93  3 17 82 70 93 43 82 37 16  3 44 67 33 15 63 76 97 91 81 73 78 
17 38 66 74 58 80 38 15 46  0 27 66  9 98 20 50 25 86 65 48 82 66 27 28 100 47 26 74 57 63 10 59 45 66 24 94 15 87 18 27 77 43 77 92 28 22 75 71 44 81 70 49  4 88 30 35 28 26 12 74 
65 43 68 27  1 42 32 28 94 27  0 34 67  2 44 45 83 53 32 17 76 39 61 77 22 78 78  4 37 19 91 23 93 66  3 88  9 51 66 64 15 15 34 85 70 38 36 100 28 43  6 52 11 37 38 16 69 26 60 35 
84 79 61 37 67 65 83 29 68 66 34  0 60  1 17 50  6 17 14 88 86 71 64  8 23 17 73 76 31 79 47 34 84  6 38  6 38 40  8 61 68 23 99 57 16 37 71 50 51 55 12 46 32 51 49 78 36 20 58 49 
82 73 12 46 32 52 97 24 36  9 67 60  0 66 92 28  2 59 70 13 55 73 69 92 39 71 35 67 62 20 15  9 74 100 23 51  5 55 51 87 75 23 37 22 72 71  6 29 57 97 35 34 93 55 64 20 17 89 63 72 
17 98 41 38 23 77 24 91 32 98  2  1 66  0 75 70 38 99 60  3 51 40 16 55  5 71 71 43 41 78 28 44 46 75 38  7 49 17 14 56 58 33 32 48 33 59 96 34 21  7  7 24 42 72 29 74 89 100  9 61 
53 77 93 54 92 29 50 18 57 20 44 17 92 75  0 83 71 76 53 71 65 65 48 71 67 78 94 43 36 13 32 38 77 67 25 33 73 34 74 64 40 90 22 48  6 91 73 42  4 97 46 38 28 85 22  7 36 54 38 78 
74 96 49 80 36 48  6 27 59 50 45 50 28 70 83  0 44 49 68 93 64 60 26 16 14 99 94 83 46 47 40 37 85 95 18  2 24 48 53 88 18 82 66 69 18 86 38 96 35 48 90 47 69 86  8 23 66 17 13 56 
68  6 45 65 87 40 18 20 87 25 83  6  2 38 71 44  0 71 48 99 33 13 22 61 85 27 77 11 77  3 40 43 23 36 71 16 86 96 19 12 72 41 15 82 89 31 60  4 10 32 94 30 59 14  3 51 91 19 83 32 
86 26 94  1 15 56 15 85 15 86 53 17 59 99 76 49 71  0 65 74 81 31 22 33 21 88 43 47 62 18 55 91 21 57 71 52 38 27 66 67 33 78 82 93 77 12 92 54 24 33 33 32 66 16 73 89 39 61 22 12 
55 59 40 72 11 70 35 95 13 65 32 14 70 60 53 68 48 65  0 62 82 22 79 94 95 61 11 43 67 78 65 11 76 79 48 39 86 73 30 60 49 79 54 58 45 15 52 24 38 18 79 80 76 42 59 78 11 94 17 19 
43 18 51  6 43 50 85 84 37 48 17 88 13  3 71 93 99 74 62  0 39 37 52  6 70 54 90 64 21 55 25  9  8 76 54 69 17 19  7 17 85 33 80 76 20 19  7 79 56 42 32 74 82 27 58 21 63 80 14 72 
73 64 71  9 60 64 66 13 89 82 76 86 55 51 65 64 33 81 82 39  0 59 16 52 51  9 46 75 85 64 52 35 42  1 16 35  2 61 75 87  7 36 75 40 93 35 35 74 67 98 83 31 77 74 78 26 84 48 61 67 
49 88 96 100  6 17 97 15 12 66 39 71 73 40 65 60 13 31 22 37 59  0 91 69 50 83 33 44 19 56 27 87 57 49 47 87 50 70 79 55 43  3 17 67 63  8 81 53 67 59  1 54 72 35 41 27 47 52 44 68 
47 99 13 35 46 73 78 73 97 27 61 64 69 16 48 26 22 22 79 52 16 91  0 79 17 87  1 53 96 72 59 17 45 55 90 10 60 58 36 37 57 64 65 38 21 65 45 50 47 93 75 25 42 80 90 77 32 16 43 53 
74 28 87 81 79 42 60 33 88 28 77  8 92 55 71 16 61 33 94  6 52 69 79  0 48 17 44 68 62 35 72 84 28 57 17 21 17 38 32 85 48 16 19 11 37 97 67 54 18 41 39 28 55 15 60 31 14 88 34 66 
91 83 78 89 76 10 47 10 85 100 22 23 39  5 67 14 85 21 95 70 51 50 17 48  0 87 33  3 36 48 29 30 17 54 19 63  4 49 38 57 87  9 56 51 67 20 67 49 80 21  5 24 63 84 70 23 90 97 15 61 
60 78 68 86 49 67 22 94 38 47 78 17 71 71 78 99 27 88 61 54  9 83 87 17 87  0 21 60 79 26 39 73 27 94  9 67 39 56 40 14 10 14 66  7 42 71 25 21 69 22 69 62 92 56 88 47 27 10 60  4 
73 16 85 40 84 20 51 48 71 26 78 73 35 71 94 94 77 43 11 90 46 33  1 44 33 21  0  3 64 16 21  2 18  9 65 33 87 95 38 31 74 39 81 16 85  4 21 61 34 26 47 40 77 19 88 54 45 60 80 84 
34 47 85 76 12 48  7 86 79 74  4 76 67 43 43 83 11 47 43 64 75 44 53 68  3 60  3  0 14 84 71 14 19 64 63 72  4 61 17 98 50 11  4 92 40 14 17 79 70 45 28 40 80 45 10 41 77  1 100 11 
36 71 96 78 25 49 57 64 65 57 37 31 62 41 36 46 77 62 67 21 85 19 96 62 36 79 64 14  0 80 41  7 52 34 57 25 29 29 100 64 16 57 100 42 16 59  2 59 51 38 90 23 46 41 14 38 99 13 39 38 
21 31 10 36 40 23 22 75 68 63 19 79 20 78 13 47  3 18 78 55 64 56 72 35 48 26 16 84 80  0 67 49 56 66 48 45 59 55 55 54 33 23 80 60 30 11 61 54 92 27 57 64 81 13 92 71 57 25 82  4 
17 53 64 57 56 98 58 17 46 10 91 47 15 28 32 40 40 55 65 25 52 27 59 72 29 39 21 71 41 67  0 56 55 41 93 17 47 18 51 63 75  6 16 23 67  1 88  6 83 87 47 57  1 62 52 100 85 83 44 38 
55 42 84 79 24  8 49 36 95 59 23 34  9 44 38 37 43 91 11  9 35 87 17 84 30 73  2 14  7 49 56  0 65 52 25  9 39 79 29 24 24 77 50 90 55 22 37 47 37 76 21 93 59 55 67 29 38 30 12 56 
46 21 33 58 86 41 54 40 54 45 93 84 74 46 77 85 23 21 76  8 42 57 45 28 17 27 18 19 52 56 55 65  0 85 41  6 25 39 24 37 54 55 99 68 74 61 47  3 65 100 56 36 68 51 87 84 49 58 59 71 
47 52 86 38 96 68 25 28 29 66 66  6 100 75 67 95 36 57 79 76  1 49 55 57 54 94  9 64 34 66 41 52 85  0 41 29 52 31 98 47 57 37 78 33 31 17 69 27 66 24 55 56 17 21 100 59 20 37 41 97 
17 70 88 73 43 67 72 24 34 24  3 38 23 38 25 18 71 71 48 54 16 47 90 17 19  9 65 63 57 48 93 25 41 41  0 17 98 61 28 52  3 82 48 46 34 78 16 23 85 74 84 54 32 69 45 88 20  5 57 77 
40 60 28 60 22 10 95 88 67 94 88  6 51  7 33  2 16 52 39 69 35 87 10 21 63 67 33 72 25 45 17  9  6 29 17  0 55 87 97 61  8  6 73 58 71 66 84 26 96  7 94 73 99 22 55 31 10 49 91 54 
59 44 12 47 25 50 33 23  4 15  9 38  5 49 73 24 86 38 86 17  2 50 60 17  4 39 87  4 29 59 47 39 25 52 98 55  0 11 86 33 64 53 26 44 83  5 45  1 61 74 20 81 54 91 56 92 48 76 44 19 
53 97 67 94 64 73 34 86 47 87 51 40 55 17 34 48 96 27 73 19 61 70 58 38 49 56 95 61 29 55 18 79 39 31 61 87 11  0 18 11 21 13 87 49 15 24 32 91 97 91 50  7 88 97 29 63 90 40 26 10 
 5 34 83 38 50 32 18  6 93 18 66  8 51 14 74 53 19 66 30  7 75 79 36 32 38 40 38 17 100 55 51 29 24 98 28 97 86 18  0 43 86 59 29 50 51 62 78 38 84 78 13 20 48 27 59 45 42  9 54 39 
41 37 30 96 73 35 30  5  3 27 64 61 87 56 64 88 12 67 60 17 87 55 37 85 57 14 31 98 64 54 63 24 37 47 52 61 33 11 43  0 71 18 31 35 77 58 12 71 61 56 82 16 92 42 86 45 87 29 73 70 
34 73 27 17 89 49 18 88 17 77 15 68 75 58 40 18 72 33 49 85  7 43 57 48 87 10 74 50 16 33 75 24 54 57  3  8 64 21 86 71  0 56 82 51 68 20  1 92 83 90 17 43 20 62 44 54 80 65 97 15 
43 66 25 74  3 64  7 11 82 43 15 23 23 33 90 82 41 78 79 33 36  3 64 16  9 14 39 11 57 23  6 77 55 37 82  6 53 13 59 18 56  0 27 17 32 39 23  8  4 34 28 36 28 52  9 77 39 51 22 34 
86 41 74 77 40 56 53 87 70 77 34 99 37 32 22 66 15 82 54 80 75 17 65 19 56 66 81  4 100 80 16 50 99 78 48 73 26 87 29 31 82 27  0 62 20 76 36 57 83 67 82 39  3 65  1  2 14 67 11 68 
90 98 53 86 47 79 77 85 93 92 85 57 22 48 48 69 82 93 58 76 40 67 38 11 51  7 16 92 42 60 23 90 68 33 46 58 44 49 50 35 51 17 62  0 24 60 29 44 28  5 62 98 45 72 89 33 35 92  5 95 
41 30 76 85 11 61 80 61 43 28 70 16 72 33  6 18 89 77 45 20 93 63 21 37 67 42 85 40 16 30 67 55 74 31 34 71 83 15 51 77 68 32 20 24  0 57 31 11 86 46 35  2 86 81 15 67 59 58 35 19 
72 40 25 50 55 81 83 29 82 22 38 37 71 59 91 86 31 12 15 19 35  8 65 97 20 71  4 14 59 11  1 22 61 17 78 66  5 24 62 58 20 39 76 60 57  0 84 21 19 58 39 85 19 64 55 27 74 89 75 76 
20 80  9 41 50 22 62 91 37 75 36 71  6 96 73 38 60 92 52  7 35 81 45 67 67 25 21 17  2 61 88 37 47 69 16 84 45 32 78 12  1 23 36 29 31 84  0 49 35 93 94 23 16 92 68 16 48 53 44 63 
50 67 95 41 59 18 74 30 16 71 100 50 29 34 42 96  4 54 24 79 74 53 50 54 49 21 61 79 59 54  6 47  3 27 23 26  1 91 38 71 92  8 57 44 11 21 49  0 52 23 87 35 73 74 57 54  6 66 26  8 
22  5 85 53 59 66 19 21  3 44 28 51 57 21  4 35 10 24 38 56 67 67 47 18 80 69 34 70 51 92 83 37 65 66 85 96 61 97 84 61 83  4 83 28 86 19 35 52  0 13 21 69 29  9 84 92 21 74 10 68 
34 61 44 27 94 28 27 58 44 81 43 55 97  7 97 48 32 33 18 42 98 59 93 41 21 22 26 45 38 27 87 76 100 24 74  7 74 91 78 56 90 34 67  5 46 58 93 23 13  0 52 93  1 63 66 83 65 74 25 62 
 3 23 23 22 60 54 24 85 67 70  6 12 35  7 46 90 94 33 79 32 83  1 75 39  5 69 47 28 90 57 47 21 56 55 84 94 20 50 13 82 17 28 82 62 35 39 94 87 21 52  0 77  5 69 76 38 54  4 83 64 
67 21 57 22 64 27 29 23 33 49 52 46 34 24 38 47 30 32 80 74 31 54 25 28 24 62 40 40 23 64 57 93 36 56 54 73 81  7 20 16 43 36 39 98  2 85 23 35 69 93 77  0 52 84 87 74 47  6 60 17 
90 35 40 15 85  2 91  2 15  4 11 32 93 42 28 69 59 66 76 82 77 72 42 55 63 92 77 80 46 81  1 59 68 17 32 99 54 88 48 92 20 28  3 45 86 19 16 73 29  1  5 52  0 98 23 58 12 64 27 71 
46 43 46 17 49 35 44 71 63 88 37 51 55 72 85 86 14 16 42 27 74 35 80 15 84 56 19 45 41 13 62 55 51 21 69 22 91 97 27 42 62 52 65 72 81 64 92 74  9 63 69 84 98  0 34 92 49 98 86 97 
35 76 21 13 10 88  1 74 76 30 38 49 64 29 22  8  3 73 59 58 78 41 90 60 70 88 88 10 14 92 52 67 87 100 45 55 56 29 59 86 44  9  1 89 15 55 68 57 84 66 76 87 23 34  0 22 23 81 54 12 
 3 65  7 79 31 31 43 81 97 35 16 78 20 74  7 23 51 89 78 21 26 27 77 31 23 47 54 41 38 71 100 29 84 59 88 31 92 63 45 45 54 77  2 33 67 27 16 54 92 83 38 74 58 92 22  0 56 62 88 71 
62 62 68 23 52 84 58 74 91 28 69 36 17 89 36 66 91 39 11 63 84 47 32 14 90 27 45 77 99 57 85 38 49 20 20 10 48 90 42 87 80 39 14 35 59 74 48  6 21 65 54 47 12 49 23 56  0 38 96 13 
23 15 85 47 77 90  3 18 81 26 26 20 89 100 54 17 19 61 94 80 48 52 16 88 97 10 60  1 13 25 83 30 58 37  5 49 76 40  9 29 65 51 67 92 58 89 53 66 74 74  4  6 64 98 81 62 38  0 77 63 
31  7 88 43 64 100 99  4 73 12 60 58 63  9 38 13 83 22 17 14 61 44 43 34 15 60 80 100 39 82 44 12 59 41 57 91 44 26 54 73 97 22 11  5 35 75 44 26 10 25 83 60 27 86 54 88 96 77  0 74 
50 48 42 28 70 18 26 69 78 74 35 49 72 61 78 56 32 12 19 72 67 68 53 66 61  4 84 11 38  4 38 56 71 97 77 54 19 10 39 70 15 34 68 95 19 76 63  8 68 62 64 17 71 97 12 71 13 63 74  0 

 0 39 21 36 27 35 86 96 34  3 46 54 41  2 40 44 41 49 22 44 69 62 86 36 80 92 21 59 62 35 40 92 72 56 68 13 72 78 43 13 27 16 90 48  3  9 65 37 50 53 41 95 87 28 37 11 98 88 37 78 
39  0 78 51 77 74 63 62 13 21 31 97 89 48 31 98 38 55 30 60 62 81 51 36 70 65  8 67 46 61 84 43  5  5 83 57 89 75 48 67 89 52 72 36 13 25 36 88 58 14 72 88 27 22 45 96 63 37 13 73 
21 78  0 38 22  6 72  3  1 86 97 31 80  7 85 34 57 36 75 38 19 98 98 74 59 53 62 13 88 10 46 94 75 45 45 12  5 90 43 39 56 53 45 63 92 36 68 92 48 44 18 93 47 88 22 48 54 17 64 77 
36 51 38  0  6 64 54 90 84 58  7 21 17 56 79 21 28  5 42 44 63 93 35 68 62 82 24 70 59 19 73 90 38 22 35 75  2 73 26 86 30 55 61 57 36 58 63 34 57 41  1 27  8 17 80  7 10 92 91 88 
27 77 22  6  0 41 47  1 40 29  9 63 45 39 63 30 54 12 27 21 82  2 90 62 28 47 88  6 31 43 53 31 61 65 70 48  8 47 92 59 90 11 41 13  5 74 40 30 43 80 78 36 36 63 27 22 64 64 32 56 
35 74  6 64 41  0 37  9 49 96 44 45 52 88 17 55 14 59 51 11 96 59 51 94 21 100 34 37 10 32 95 42 86 79 73 10 57 60  5 42 21 46  6 91 43 51 63 47 20 27 21 51 11 25 31 25 53 67 22 66 
86 63 72 54 47 37  0 91 58 84  1 20 100 33 37 10 40 88 34 77 91 55 82 91 47 47 40 79 26 68 67 88 65 67 48 71 78 78 45 44 93  7 28 94 50 99  1 44 39 77 18 14 94 22 21 64 37 33 75 21 
96 62  3 90  1  9 91  0 30  8 33 34 16 90 11  6 78 67 89 59 85  9 85 76 15 84 20 71 58 26 44 94 75 100 99 35  2 93 52 12 92 13 77 60 40 33 69 14 34 24 40 80 43 70 80 75 23 36 30 72 
34 13  1 84 40 49 58 30  0 29 86 65 72 53 57 14 20 18  3 75 83 16 67 49 52 62 91  4 96 88 35 61 74 86 71  2  7 20 54 44 62 96 83 47 70 34 27  9 47 10 57 13 45 48 73 97 55 58 51 56 
 3 21 86 58 29 96 84  8 29  0 21 59 36 90 37 53 47 64 73  5 31 66 74 57 71 21 30 51 23 29 26 56 60 68  7 51 56 58 12 41 64 92 76 94 34  8 95 91 39 96 58 12 30 67 72 35 80 58 19  2 
46 31 97  7  9 44  1 33 86 21  0 70 52 33  1 96 71 98 25 88 25 51 45 64 63 99 95 30 54 36 75 37 26 62 17 61 90  1 97 73 10  4 25 65 88 42  7 14 41 59 12 66 46 17 32 37 65 43 92 37 
54 97 31 21 63 45 20 34 65 59 70  0 90 50 64 58 13 86  2  5 62 93 14 77 22 98 84 82 20 97 47 54 53 21 27 22 48 59  7 19 59 82 52 52 21 28 66 29 33 70 57 21 40 25 41 39 44 39 18 91 
41 89 80 17 45 52 100 16 72 36 52 90  0 63 55 28 67 72 70 84 51  9 74 42 18 87  7 59 48 39 16 10 66 64 86 15 14  7  4 41 32 95 53 62 87 90 37 71 34 38 67 37 43 51 31 22  4 92 34 42 
 2 48  7 56 39 88 33 90 53 90 33 50 63  0 42 54 79 85 87 47 56 34 39 20 25 94 34 47 73 41 66 31 74 84 71 41 87 36  6 81 68 28 36 23 58  7 86 86  2 26  6 38 49 44  7 81 77 37 75 24 
40 31 85 79 63 17 37 11 57 37  1 64 55 42  0 76 85 32 67 47 37 80 95 31 26 73 53 73 31  6  9  7 75 57 20 61 77 46 50 71 41 42  9  7 64 87 68 55 47 24 50 41 19 93  3 43 92 62 33 36 
44 98 34 21 30 55 10  6 14 53 96 58 28 54 76  0 37  4 27 24 98 37 45 17 15 90 83 73 99 28 38 33 65 55  2 15 97 95  9 80 29 45 77  6 51 68 11 39 17 43 92 52 77 83 46 52 77  9 29 51 
41 38 57 28 54 14 40 78 20 47 71 13 67 79 85 37  0 75 70 89 21 83 21 23 81 26 78 11 28 26 24 23 14 59 62 69 94 72 42 40 93 40 59 72 97 27  5 31 49 22 42 18 43 21 12 98 42 13 84  2 
49 55 36  5 12 59 88 67 18 64 98 86 72 85 32  4 75  0 21 70 86 43 32 46 97 85 14 13 39 42 84 91  5 66 99 43 61  6 68 54 31 94 80 82 27  8 89 69 23 41 49 15 82 17 28 70 39 99 56 24 
22 30 75 42 27 51 34 89  3 73 25  2 70 87 67 27 70 21  0 79 21 30 44 98 59 68 32 34 69 39 35 13 75 79 42  2 31 85 65 35 81 83 56 18 62 26 86 17  2 30 57 86 97 41 75 81 41 83 57 31 
44 60 38 44 21 11 77 59 75  5 88  5 84 47 47 24 89 70 79  0 26  4 77 19 85 50 67 47 44 15  5 20 36 64 15 67  2 82 17 68 36  8 84 78 14 11 10 62 79 41 25 42 23 46 56 42 47 70 33 96 
69 62 19 63 82 96 91 85 83 31 25 62 51 56 37 98 21 86 21 26  0 32 45 57 29 13  7 44 26 12 34 41 18 52  9 34 80 89 96 87 50  1 95 34 89 28 52 88 74 52 27 19 55 95 89 21 74 30 86 14 
62 81 98 93  2 59 55  9 16 66 51 93  9 34 80 37 83 43 30  4 32  0 46 71 16 53 41 26 49  9 38 28 71  1 47 99 22 76 62 96 83 33 19 66 29 23 91 95 97 63 42 85 88 72 41 19  7 29 34 100 
86 51 98 35 90 51 82 85 67 74 45 14 74 39 95 45 21 32 44 77 45 46  0 52 44 82  4 88 100 81 61 47 48 88 22 30 96 11 56 28 36 41 86 24 18 74 29 54 91 32 93 89 76 63 38 99 68 70 72 12 
36 36 74 68 62 94 91 76 49 57 64 77 42 20 31 17 23 46 98 19 57 71 52  0 91 78 44 80 55  7 90 97 22 88 82 40 77 19  6 64 40 61  5 28 51 45 70 57 24 19 33 82 79 50 11 24 68 28 28 80 
80 70 59 62 28 21 47 15 52 71 63 22 18 25 26 15 81 97 59 85 29 16 44 91  0 76 20 62 39 76 51 20 51  6 11 13 26 82 13 40 43 61 31 28 38 47 99 56 94 22  5 35 41 66 49 30 48 89 35 71 
92 65 53 82 47 100 47 84 62 21 99 98 87 94 73 90 26 85 68 50 13 53 82 78 76  0 41 82 72 13 76 99 48 98 42 80  7 25 45  2 27 10 30 70 98 68 64  9 90 27 80 29 93 74 64 63  1 74 62 64 
21  8 62 24 88 34 40 20 91 30 95 84  7 34 53 83 78 14 32 67  7 41  4 44 20 41  0 40 20 39  5 32 41  5 74 64 64 41 37 30 71 67 91 18 54 73 26 78 86 52 80 10 88  7 61 71 25 22 33 85 
59 67 13 70  6 37 79 71  4 51 30 82 59 47 73 73 11 13 34 47 44 26 88 80 62 82 40  0 35 62 86 21 22  2 56 33 83 66 62 69 78 35 51 89 64 58  2 68 63 40 100 12 45 21 58 68 74 92 79 70 
62 46 88 59 31 10 26 58 96 23 54 20 48 73 31 99 28 39 69 44 26 49 100 55 39 72 20 35  0 87 72 29 77  2 54 41 87 83 48 93 45 75 44 28 17 48 48 84  4 91 79 19 59 84 48 82 41 30 36 22 
35 61 10 19 43 32 68 26 88 29 36 97 39 41  6 28 26 42 39 15 12  9 81  7 76 13 39 62 87  0 75 18 44 50 87 32 65 36 49 54 43 50 49 82 64  2 46 33 79 27 12 63 86 41 64 50 100  3 64  3 
40 84 46 73 53 95 67 44 35 26 75 47 16 66  9 38 24 84 35  5 34 38 61 90 51 76  5 86 72 75  0 78 90 52 71 69  4 26 40 79 60  6 20  4 77 30 48 27 68 73 24 73 27 56 87 78 20 62 54 58 
92 43 94 90 31 42 88 94 61 56 37 54 10 31  7 33 23 91 13 20 41 28 47 97 20 99 32 21 29 18 78  0 23 16 76 58 53  2 48 60 73 98  7 92 100 93 36 56 32 91 41 98 27 32 68  7 11 50 78  9 
72  5 75 38 61 86 65 75 74 60 26 53 66 74 75 65 14  5 75 36 18 71 48 22 51 48 41 22 77 44 90 23  0 57 58 38 79  9 35 77 21 48 75 90 16 52 64 22 100 94 31 70 70 69 60 54 37 57 89 12 
56  5 45 22 65 79 67 100 86 68 62 21 64 84 57 55 59 66 79 64 52  1 88 88  6 98  5  2  2 50 52 16 57  0 57 96 66 46 60 81 98  9 52 17 58 81 62 22 31 14 24 75  7 58 99 77 59 18 61 67 
68 83 45 35 70 73 48 99 71  7 17 27 86 71 20  2 62 99 42 15  9 47 22 82 11 42 74 56 54 87 71 76 58 57  0 51 34 57 27 80  8 70 64 14 72 88 50 26 97 66 45  9 53 73 33 46 60 11 78 74 
13 57 12 75 48 10 71 35  2 51 61 22 15 41 61 15 69 43  2 67 34 99 30 40 13 80 64 33 41 32 69 58 38 96 51  0 88 98 88 94 30 19 41 56 24 79 71 47 49 34  3 91 60 19 95 27  8 14 46 52 
72 89  5  2  8 57 78  2  7 56 90 48 14 87 77 97 94 61 31  2 80 22 96 77 26  7 64 83 87 65  4 53 79 66 34 88  0 12 60 88 69 51 90 35 59 15 61 36 67 59 36 39 70 30 77 78 46 90 23 48 
78 75 90 73 47 60 78 93 20 58  1 59  7 36 46 95 72  6 85 82 89 76 11 19 82 25 41 66 83 36 26  2  9 46 57 98 12  0 52  7 44 53 70 84 16 16 10 80 84 75 80 12 81 46 57 90 65 31 84 10 
43 48 43 26 92  5 45 52 54 12 97  7  4  6 50  9 42 68 65 17 96 62 56  6 13 45 37 62 48 49 40 48 35 60 27 88 60 52  0 65 29 58 23 97 34 25 99 45 66 75 82 22 76 58 49 76 73 10 43 30 
13 67 39 86 59 42 44 12 44 41 73 19 41 81 71 80 40 54 35 68 87 96 28 64 40  2 30 69 93 54 79 60 77 81 80 94 88  7 65  0 41 90 56 40 53 40 21 24 23 59 17 30 65 35 62 44 19 20 71 41 
27 89 56 30 90 21 93 92 62 64 10 59 32 68 41 29 93 31 81 36 50 83 36 40 43 27 71 78 45 43 60 73 21 98  8 30 69 44 29 41  0 19 23 85 48 52 52 96 49 78  3 58 19 53 50 86 96 67 90 55 
16 52 53 55 11 46  7 13 96 92  4 82 95 28 42 45 40 94 83  8  1 33 41 61 61 10 67 35 75 50  6 98 48  9 70 19 51 53 58 90 19  0 43 58 29 59  9 21 23 12 55 58 25 55 68 60 11 10 45 27 
90 72 45 61 41  6 28 77 83 76 25 52 53 36  9 77 59 80 56 84 95 19 86  5 31 30 91 51 44 49 20  7 75 52 64 41 90 70 23 56 23 43  0 27 31 52 56 47 59 81 86 43 42 41  8 19 70 79 24 62 
48 36 63 57 13 91 94 60 47 94 65 52 62 23  7  6 72 82 18 78 34 66 24 28 28 70 18 89 28 82  4 92 90 17 14 56 35 84 97 40 85 58 27  0 81 50 11 61 43 49 63 86 33 91 86 38 51 57 23 58 
 3 13 92 36  5 43 50 40 70 34 88 21 87 58 64 51 97 27 62 14 89 29 18 51 38 98 54 64 17 64 77 100 16 58 72 24 59 16 34 53 48 29 31 81  0 25 91 39  7 48 13 62 75 55 49 33 38 42 37 14 
 9 25 36 58 74 51 99 33 34  8 42 28 90  7 87 68 27  8 26 11 28 23 74 45 47 68 73 58 48  2 30 93 52 81 88 79 15 16 25 40 52 59 52 50 25  0 36  5 95  4 42 97 26 51  3 30 20 10 69 83 
65 36 68 63 40 63  1 69 27 95  7 66 37 86 68 11  5 89 86 10 52 91 29 70 99 64 26  2 48 46 48 36 64 62 50 71 61 10 99 21 52  9 56 11 91 36  0 34 24 95 23 33 58 65 47 13 34 84 11 30 
37 88 92 34 30 47 44 14  9 91 14 29 71 86 55 39 31 69 17 62 88 95 54 57 56  9 78 68 84 33 27 56 22 22 26 47 36 80 45 24 96 21 47 61 39  5 34  0 34 90 37 47 42 93 11 58 53 15 18 17 
50 58 48 57 43 20 39 34 47 39 41 33 34  2 47 17 49 23  2 79 74 97 91 24 94 90 86 63  4 79 68 32 100 31 97 49 67 84 66 23 49 23 59 43  7 95 24 34  0 51 32 35 11  2 27 38 18 100  2 73 
53 14 44 41 80 27 77 24 10 96 59 70 38 26 24 43 22 41 30 41 52 63 32 19 22 27 52 40 91 27 73 91 94 14 66 34 59 75 75 59 78 12 81 49 48  4 95 90 51  0 90 82 57 17 69 59 61 81 11 82 
41 72 18  1 78 21 18 40 57 58 12 57 67  6 50 92 42 49 57 25 27 42 93 33  5 80 80 100 79 12 24 41 31 24 45  3 36 80 82 17  3 55 86 63 13 42 23 37 32 90  0 79 53 78 30 30 73 41 69 70 
95 88 93 27 36 51 14 80 13 12 66 21 37 38 41 52 18 15 86 42 19 85 89 82 35 29 10 12 19 63 73 98 70 75  9 91 39 12 22 30 58 58 43 86 62 97 33 47 35 82 79  0 14 57 74 19 99 47 39 53 
87 27 47  8 36 11 94 43 45 30 46 40 43 49 19 77 43 82 97 23 55 88 76 79 41 93 88 45 59 86 27 27 70  7 53 60 70 81 76 65 19 25 42 33 75 26 58 42 11 57 53 14  0 73 82 26  4 78  2 83 
28 22 88 17 63 25 22 70 48 67 17 25 51 44 93 83 21 17 41 46 95 72 63 50 66 74  7 21 84 41 56 32 69 58 73 19 30 46 58 35 53 55 41 91 55 51 65 93  2 17 78 57 73  0 51 85 83 88 96 74 
37 45 22 80 27 31 21 80 73 72 32 41 31  7  3 46 12 28 75 56 89 41 38 11 49 64 61 58 48 64 87 68 60 99 33 95 77 57 49 62 50 68  8 86 49  3 47 11 27 69 30 74 82 51  0 35 10 94 39 26 
11 96 48  7 22 25 64 75 97 35 37 39 22 81 43 52 98 70 81 42 21 19 99 24 30 63 71 68 82 50 78  7 54 77 46 27 78 90 76 44 86 60 19 38 33 30 13 58 38 59 30 19 26 85 35  0 59 79 79 87 
98 63 54 10 64 53 37 23 55 80 65 44  4 77 92 77 42 39 41 47 74  7 68 68 48  1 25 74 41 100 20 11 37 59 60  8 46 65 73 19 96 11 70 51 38 20 34 53 18 61 73 99  4 83 10 59  0 88 64 13 
88 37 17 92 64 67 33 36 58 58 43 39 92 37 62  9 13 99 83 70 30 29 70 28 89 74 22 92 30  3 62 50 57 18 11 14 90 31 10 20 67 10 79 57 42 10 84 15 100 81 41 47 78 88 94 79 88  0 69 98 
37 13 64 91 32 22 75 30 51 19 92 18 34 75 33 29 84 56 57 33 86 34 72 28 35 62 33 79 36 64 54 78 89 61 78 46 23 84 43 71 90 45 24 23 37 69 11 18  2 11 69 39  2 96 39 79 64 69  0 67 
78 73 77 88 56 66 21 72 56  2 37 91 42 24 36 51  2 24 31 96 14 100 12 80 71 64 85 70 22  3 58  9 12 67 74 52 48 10 30 41 55 27 62 58 14 83 30 17 73 82 70 53 83 74 26 87 13 98 67  0 
