facilities = 60 objectives = 4 max_distances = 100 max flows = 100 correlation = -0.500000 seed = 23453464
 0 41 13 68 15 92  7 28  4 48 75 78 42 76 48 61 17 72 95 48 72 46 19 72 93 34  6 55 86 63 64 69  2 83 84 10  1 16 48 99 64 17  4 24 42 87 94 72 46 51 55 28 52 39  2 25 28  1 48 37 
41  0 46 17 74 28 90 53 95 36 52  7 98 82 72 21 35 48 21 56 79 49 60 65 79 96 69 38 99 98 78 49 83 49  5 84 57 48 47 76 61 83 23 58 60 78 58 79 45 20 75  1 63 84 48 99 90 59 40 11 
13 46  0 71 27 72 39  5  5 56 86  6 33 61 70 81 44 63 40  3  3 80 22  3 29 77 82  1 57 62 17 17 73  4 95 75 33  8 66 97 15 69 48  8  8 76 51 10 57 70 33 44 41 39 10 80 11  6 36 14 
68 17 71  0 50 31 93 52 19 35 10 32 22 64 98 75 79 19 60 79 96 32 63 50 72 60 62 86 63 73 86 44 14  8 45 36 80  3 100 80 77 58 42 53 75 34 41 72  2 82  2 59 83 21 36  6 29 81 23 34 
15 74 27 50  0 51 74 91 14 39 14 31  8 61 34 56 42 63 30 81 37 79 48 44 64 70 33  8 76 47 100 51 40 76  8  7 36 19 100 46 86 26 28 28 35 51 26 29 64 55 39 28 25 13 29 15 29 87  4 78 
92 28 72 31 51  0  4 74 81 44 36 38 45 63 99  2 47 55 85 17 29 95 44 20 48 93 76 74 48 90 14 94 55 77 73 78 41 95 78 64 100 73 28  2 18 58 95 40 97 26 13  5 47  1 13 72 16 27 51 99 
 7 90 39 93 74  4  0 37 68 72 63 35 59 90 95 21 36 17 58 94 51 64 52 58 20 26 90  2 23 55 89 90 83  2 24 37 18 17  9 19 47 64 83  6 94 78 16 31 22  1 10 87 99 20 67 55 36 91 56 70 
28 53  5 52 91 74 37  0 21 62  1 70 60 52 81 12 57  3 27 19 17 51 91 47 81 85 13 85 33 86 90 20 99 80 54 94 68 31 16 67 50 52 33 49 19 83 72 63 90  1 24 67 14 57 20 86 22 87 74 88 
 4 95  5 19 14 81 68 21  0 27 85 67 12 29 48 51 25 59 59 74  1 74 68  1 63 77 63  7 22 20 45 17 28 74 70 19 70 67 90 46 32 55 11 39  6 45 30 58 37 35 77 72 19 95 59 39 19 51 28 94 
48 36 56 35 39 44 72 62 27  0 47 62 59 77 89 30 54 47 93  1 68 12 37  9 45 22 12 79 21 29 26 61 29 23 65 86  8 57 81 74 11  9 36 93 53 49 27  8 38 64 90 51 64 100 45 85 85 75 12 73 
75 52 86 10 14 36 63  1 85 47  0 30 54 50 26 92 81 10 84 74 87  5  1 32 54 23 16 76 99 20 38 37 17 35  6 16 87 61 51 14 47 18 78 48 37  2 82 59 90 30 11 57 65 20 19 66 74 46 51 38 
78  7  6 32 31 38 35 70 67 62 30  0 94 35 44 43 100 21  2 51 14 79 84  5 11 99 95 83  8  7 88 41 89 56 76 18 80 16 50 30 47 61 56 86 51  2 52  7 57  8 99 91 88 61 35 20 34 49 92 68 
42 98 33 22  8 45 59 60 12 59 54 94  0 51 67 38 29 81 99 62 23 28 35 96 79 79 60 46 48 73 12 48 17  5 100 31 40 82  1 45  7 88 74 93 91 56 48 87 92 43 26 90 37 20 78 42 54 34 30 100 
76 82 61 64 61 63 90 52 29 77 50 35 51  0 42 55 83 72 69 59 28  9 65 98 84 38 72 58 92 81 31  4  9 34 56 44 28 16 41 68 73 32  4 20  2 73 10 36 90 64 84 69 70  4 11 73 61  2 28 48 
48 72 70 98 34 99 95 81 48 89 26 44 67 42  0 87 65 94 99  1 38 61 67 19 27 46 45 57 38 45 45 27 72 13 96 100 58 28 22 74 85 92 96 100 55 17 70 67 98 54 11 61 55 42  2 26 46 54 98 88 
61 21 81 75 56  2 21 12 51 30 92 43 38 55 87  0 89  8 20 82 15 98 17 34 85 76 48 59 70 86 73 18 33 49 82  2 27 10 51 70 79 45 22 67 88 29 34 79 29 58 70  6 36 81 19 81 97  4 67 67 
17 35 44 79 42 47 36 57 25 54 81 100 29 83 65 89  0 76 14 26 69 32 92 53 71 68 61  7 39 82 86 14 52 99 48 36 60 20 59 76 47 78 63 32 95 10 63 73 75 29 32 45 12 75 77 63 27 25 77 81 
72 48 63 19 63 55 17  3 59 47 10 21 81 72 94  8 76  0 67 36 76  6 88  4 63 59 78 93 81 77 76 22 89 53 10 66 60  2 56 21 23 87 78 96 81 11 79 52 77 64 33 58 55 70 66 70 87 40 64 17 
95 21 40 60 30 85 58 27 59 93 84  2 99 69 99 20 14 67  0  8 24 45 27 69 85 60 63 92 99 52 91 62 28 85 10  3  3 18 69 29 20 42 84 43 96 96  2 69 90 93  6 31 81 34 58 92 63 84 92 84 
48 56  3 79 81 17 94 19 74  1 74 51 62 59  1 82 26 36  8  0 40 38 55 92 11 67 40 75 20 58 42 66 96 14 21 56 14 73 19 65 43 88 58 67 23 23 57 18 11 84 38 93 95 96 39 16 22  4 83 17 
72 79  3 96 37 29 51 17  1 68 87 14 23 28 38 15 69 76 24 40  0 49 31 30 65 71  8 49 38 23 55 95 94 100 99 82 57 44 95 49  5 16 99 58  6 51  1 38  7 24 42 83 23 81 83 25 37 18  4 44 
46 49 80 32 79 95 64 51 74 12  5 79 28  9 61 98 32  6 45 38 49  0 11 56 34 97 60 46 96 62 71 62 14 38 85 44 82 94 25 55 15 45 92 29 25 93 41 87 27 39 26 27 64 69 18 75 94 10 95 82 
19 60 22 63 48 44 52 91 68 37  1 84 35 65 67 17 92 88 27 55 31 11  0 47 64  3 79 25  2 31 19 51 13 64 72  2 79 28 57  2 25 54 39 92  1 87 64 99 99 63 80 16 41  9 19 46 79  1 95 99 
72 65  3 50 44 20 58 47  1  9 32  5 96 98 19 34 53  4 69 92 30 56 47  0 29 91 15 40  5 84 59 46 43 88 11  7 98 69 10 13 70 29 45 14 30 60 84 84  8 99 92 79 55 62 12 49 27 48 16  1 
93 79 29 72 64 48 20 81 63 45 54 11 79 84 27 85 71 63 85 11 65 34 64 29  0 95 84 58 43 55 18 97 17 54  8 38 21  3 41 43  4 85 54 51 63 68 92 93 86 77 50 11 62 16 66 14 10 63 86 34 
34 96 77 60 70 93 26 85 77 22 23 99 79 38 46 76 68 59 60 67 71 97  3 91 95  0 90 16 31 23 62 52 14 21 23 76 43 24 33 71 47 55 93 21 22 56 39 83 61 39 91 40 100  6 67 94 17 13 65 99 
 6 69 82 62 33 76 90 13 63 12 16 95 60 72 45 48 61 78 63 40  8 60 79 15 84 90  0 85 36 24 21 24 65 62  4 77 39 21 91 45 42 58 41 25 90 81 24 79 34 77 24 51 29 42 72 70 53 30 89 63 
55 38  1 86  8 74  2 85  7 79 76 83 46 58 57 59  7 93 92 75 49 46 25 40 58 16 85  0 77 75 46 64 48 26 81 87  7 47 53 56 23 99  3 41 50 63 74 12 89 69 100 87 26 99 30 56 60 12 64 38 
86 99 57 63 76 48 23 33 22 21 99  8 48 92 38 70 39 81 99 20 38 96  2  5 43 31 36 77  0 40 100 14 64 84 54 15 57 55 93 72 25 83 13 36  5 16 58 95 74 73 92 87 82 60 61 24 91 79 63  2 
63 98 62 73 47 90 55 86 20 29 20  7 73 81 45 86 82 77 52 58 23 62 31 84 55 23 24 75 40  0 26  3 70  7 53 28 56 97 97 32 82 79 39 73 29 94 59 24 68 43 84  4 41 89 26 97 67  9 24 83 
64 78 17 86 100 14 89 90 45 26 38 88 12 31 45 73 86 76 91 42 55 71 19 59 18 62 21 46 100 26  0 32 42 11 82 62 19 25 59 18 14  1 93 28  1 96 85 81 33 85 87 63 41 77 94 48 16 61 52 55 
69 49 17 44 51 94 90 20 17 61 37 41 48  4 27 18 14 22 62 66 95 62 51 46 97 52 24 64 14  3 32  0 95 66 100 68 25 99 37 64 37 84 31 27 62 11 43 52 94 61 28 96 49 30 25 75 13 57 58 54 
 2 83 73 14 40 55 83 99 28 29 17 89 17  9 72 33 52 89 28 96 94 14 13 43 17 14 65 48 64 70 42 95  0 41 74 38 73 51 99 80 51 82 57 91 37 16 25 78 76 56 53 23  1 97 95 14 16  9 90 87 
83 49  4  8 76 77  2 80 74 23 35 56  5 34 13 49 99 53 85 14 100 38 64 88 54 21 62 26 84  7 11 66 41  0 16 33 92  8 64 62  2 47 64 26 16 82 67 17 83 52 16 58 70 59  9 60 28 63 36 63 
84  5 95 45  8 73 24 54 70 65  6 76 100 56 96 82 48 10 10 21 99 85 72 11  8 23  4 81 54 53 82 100 74 16  0 31 52 65 76 92 68 34 30 48 53 32 98 84 88 36 93  9 42 77 35 17 46 23 66 94 
10 84 75 36  7 78 37 94 19 86 16 18 31 44 100  2 36 66  3 56 82 44  2  7 38 76 77 87 15 28 62 68 38 33 31  0  1 12 86 81 55 16 45  5 79 32 26 24 48 48 51 12 90 52 77 64 95 98 67 85 
 1 57 33 80 36 41 18 68 70  8 87 80 40 28 58 27 60 60  3 14 57 82 79 98 21 43 39  7 57 56 19 25 73 92 52  1  0 57 98 46 25  5 53 37 29 43 34 21  8 23 42 60 41 71 24 38 91 58  5  7 
16 48  8  3 19 95 17 31 67 57 61 16 82 16 28 10 20  2 18 73 44 94 28 69  3 24 21 47 55 97 25 99 51  8 65 12 57  0 50 83 16 64 85 83 36 21 21 14 60 86 74 31 10 45 80 12 97 76 29 70 
48 47 66 100 100 78  9 16 90 81 51 50  1 41 22 51 59 56 69 19 95 25 57 10 41 33 91 53 93 97 59 37 99 64 76 86 98 50  0 10 11 55 80 87 82 64 48 96 69 36 64  2 11  8 11 18 26 93 49 16 
99 76 97 80 46 64 19 67 46 74 14 30 45 68 74 70 76 21 29 65 49 55  2 13 43 71 45 56 72 32 18 64 80 62 92 81 46 83 10  0 10 19 88 73 29 55 17 35 14 91 42 27 32 21 34 67 19 76 45 73 
64 61 15 77 86 100 47 50 32 11 47 47  7 73 85 79 47 23 20 43  5 15 25 70  4 47 42 23 25 82 14 37 51  2 68 55 25 16 11 10  0 73 20  3 77 52 92 68 72 64 15 24 84 28 49 49  8 21 20 77 
17 83 69 58 26 73 64 52 55  9 18 61 88 32 92 45 78 87 42 88 16 45 54 29 85 55 58 99 83 79  1 84 82 47 34 16  5 64 55 19 73  0 89 14 46 21 23 10  3 90 64 57 96 94 45 70 37 65 94  4 
 4 23 48 42 28 28 83 33 11 36 78 56 74  4 96 22 63 78 84 58 99 92 39 45 54 93 41  3 13 39 93 31 57 64 30 45 53 85 80 88 20 89  0 84 83 68 92 89 36 40 62 28 52  8 33 54 55  2  3 27 
24 58  8 53 28  2  6 49 39 93 48 86 93 20 100 67 32 96 43 67 58 29 92 14 51 21 25 41 36 73 28 27 91 26 48  5 37 83 87 73  3 14 84  0 90 30 58 88 70 99 71 97 55 86 93 67 61 78 86 60 
42 60  8 75 35 18 94 19  6 53 37 51 91  2 55 88 95 81 96 23  6 25  1 30 63 22 90 50  5 29  1 62 37 16 53 79 29 36 82 29 77 46 83 90  0 50  5 19 99 92  2 73  7 18 95 10 17 84 44 64 
87 78 76 34 51 58 78 83 45 49  2  2 56 73 17 29 10 11 96 23 51 93 87 60 68 56 81 63 16 94 96 11 16 82 32 32 43 21 64 55 52 21 68 30 50  0 10 89 16 81 43 45  7 82 35 54 39 55 91 48 
94 58 51 41 26 95 16 72 30 27 82 52 48 10 70 34 63 79  2 57  1 41 64 84 92 39 24 74 58 59 85 43 25 67 98 26 34 21 48 17 92 23 92 58  5 10  0 14 98 29 68 67 24 74 96 19 43 53 43 91 
72 79 10 72 29 40 31 63 58  8 59  7 87 36 67 79 73 52 69 18 38 87 99 84 93 83 79 12 95 24 81 52 78 17 84 24 21 14 96 35 68 10 89 88 19 89 14  0 15 30 83 25  2 83 33 27 85 80  4 81 
46 45 57  2 64 97 22 90 37 38 90 57 92 90 98 29 75 77 90 11  7 27 99  8 86 61 34 89 74 68 33 94 76 83 88 48  8 60 69 14 72  3 36 70 99 16 98 15  0  9  6 90 73 78 66 66 16 97 44 87 
51 20 70 82 55 26  1  1 35 64 30  8 43 64 54 58 29 64 93 84 24 39 63 99 77 39 77 69 73 43 85 61 56 52 36 48 23 86 36 91 64 90 40 99 92 81 29 30  9  0 48 40  4 49 74 63 89 53 16 99 
55 75 33  2 39 13 10 24 77 90 11 99 26 84 11 70 32 33  6 38 42 26 80 92 50 91 24 100 92 84 87 28 53 16 93 51 42 74 64 42 15 64 62 71  2 43 68 83  6 48  0 19 61 54 96 31 22 28 91 86 
28  1 44 59 28  5 87 67 72 51 57 91 90 69 61  6 45 58 31 93 83 27 16 79 11 40 51 87 87  4 63 96 23 58  9 12 60 31  2 27 24 57 28 97 73 45 67 25 90 40 19  0 51 72 86 30 11 94  1 79 
52 63 41 83 25 47 99 14 19 64 65 88 37 70 55 36 12 55 81 95 23 64 41 55 62 100 29 26 82 41 41 49  1 70 42 90 41 10 11 32 84 96 52 55  7  7 24  2 73  4 61 51  0 34  2  6 69 71 75 49 
39 84 39 21 13  1 20 57 95 100 20 61 20  4 42 81 75 70 34 96 81 69  9 62 16  6 42 99 60 89 77 30 97 59 77 52 71 45  8 21 28 94  8 86 18 82 74 83 78 49 54 72 34  0  1 61 10 86 77 98 
 2 48 10 36 29 13 67 20 59 45 19 35 78 11  2 19 77 66 58 39 83 18 19 12 66 67 72 30 61 26 94 25 95  9 35 77 24 80 11 34 49 45 33 93 95 35 96 33 66 74 96 86  2  1  0 85 48 57 34 25 
25 99 80  6 15 72 55 86 39 85 66 20 42 73 26 81 63 70 92 16 25 75 46 49 14 94 70 56 24 97 48 75 14 60 17 64 38 12 18 67 49 70 54 67 10 54 19 27 66 63 31 30  6 61 85  0 22 68 26 70 
28 90 11 29 29 16 36 22 19 85 74 34 54 61 46 97 27 87 63 22 37 94 79 27 10 17 53 60 91 67 16 13 16 28 46 95 91 97 26 19  8 37 55 61 17 39 43 85 16 89 22 11 69 10 48 22  0 26 13 53 
 1 59  6 81 87 27 91 87 51 75 46 49 34  2 54  4 25 40 84  4 18 10  1 48 63 13 30 12 79  9 61 57  9 63 23 98 58 76 93 76 21 65  2 78 84 55 53 80 97 53 28 94 71 86 57 68 26  0 94 39 
48 40 36 23  4 51 56 74 28 12 51 92 30 28 98 67 77 64 92 83  4 95 95 16 86 65 89 64 63 24 52 58 90 36 66 67  5 29 49 45 20 94  3 86 44 91 43  4 44 16 91  1 75 77 34 26 13 94  0 24 
37 11 14 34 78 99 70 88 94 73 38 68 100 48 88 67 81 17 84 17 44 82 99  1 34 99 63 38  2 83 55 54 87 63 94 85  7 70 16 73 77  4 27 60 64 48 91 81 87 99 86 79 49 98 25 70 53 39 24  0 

 0  8 19 10 66  8 20 38 22 44 96 47 11 91 77 83 49 96 24 27 64 41 30 43 27 53 37 75 78 88 40 29 73 67 67 80 46 98 63  3 73 97 39 99 24 50 75 79 45 42  8 56 30 82 53 91 70 13 46 12 
 8  0 32 100 60  1 17 23 71 54  2 97 46 11  4 37 92 100 92 25 75 86 70 80 37 52  6 13 17 10 47  6  7 22 98 16 79 97 66  5 60 56 92 58 100 12 25 60 20 62  2  4 22 83 44 52 84 93 17  3 
19 32  0 26 83 63 37 85 10 43 18 85 77  4 15 34 21  6 23 68 58 74 91 14 77  8 72 77 20 85 13 82  9 28 61 78 24 25 53 47 79 26  2 31  5 93 55 18 58  9 48 19 79 32 72 73 62 96 85 23 
10 100 26  0 94 96 42 98 17 56  8 30 32 31 55 74 14 49 96 33 67 54 66 14 63 68 85 10 12 55 69 68  2 94  7 72 78 89 80 19  8 78 90 78  4 59 46 64 74 74 29 92 32 58 76 39 89 72 41 65 
66 60 83 94  0 10 87 25 45 44 45 90 58 19 51 27 40 87 79 74 25  7 29 56  9 55 76 52  1 46  6 72 81 41 87 100  2 19 10  7 81 48 83 36 57 72 11 34 83 21 100 73 67 80 85 39 41 100 81 77 
 8  1 63 96 10  0 71 17 76 88 40 68 78 99 24  3 72 88 75 41  9 33 51 32 87 32 13 42 22 90  8 20  6 41 23 13 36 35  3 93 84 30 100 92 31 33 93  3 37 80 34 48 71  7 84 39 94 32  3 22 
20 17 37 42 87 71  0 40 97 75 15 24 59  3 33 70 44 98 25 67 99 40  1 45 35 13 11 79 74 59 99 48 10 45 84 23 30 96 11 20 83 72 46 20 74 24 40 31 53 41 47 48 45 55 15 86 36  8 37 34 
38 23 85 98 25 17 40  0 10 97  9 50 40 64 86 73  6 93 35 22 81 24 69 65 31 68 83 41 50  3 35 17 42 75 98  9 29 91 49 90 29 21 29 12  2 56 45 74 32 56 36 55 24  5 57  7 35 32 53 34 
22 71 10 17 45 76 97 10  0 81 24  9 76 29 94 18 57 68 34 33 97 39 87 100 39 27 35 74 16 80 31 92 52 28 68 86 58 52 92 32  6 87 56 19 43 11 74 89 14 27 18 100 94  6 86 27 70 45 73 25 
44 54 43 56 44 88 75 97 81  0 32 54 17 35 32 11 19  8 92 81 35 76 51 92 26 12 55 10 54 88 90  1 37 44 51  3  5 18 84  1 91  6 29  5  7 49 42 67 13 81 89 21 38 73 42 71 80 83 40 19 
96  2 18  8 45 40 15  9 24 32  0 38 55 49 22 55 30 60 54 49 52 40 95 25 51 88 43 70 98 86 73 58 91 79 81 67  8 17 80  6 31 69 89 41 88 56 73 29 79 50 62 34 80 93 56 77 83 34 89 47 
47 97 85 30 90 68 24 50  9 54 38  0 77 88  4 61 65 69 51 84  6 17 40 45 87 22 62 96 74 74 80 38 87 18 88 91 83 38 39 78  5 82 73 53 43 68 84 68 30  3 18 54 92 19 14 78  8 31 25 59 
11 46 77 32 58 78 59 40 76 17 55 77  0 97 63 43  3 38 34 92 23 80 48  4 91  5 79 49 42 61 15 76 35 34 85 15 87 89 18 49 29 68 32 59 58  9 34  6 51 26 73 59 35 39 86 19 82 38  2 16 
91 11  4 31 19 99  3 64 29 35 49 88 97  0 47  2 73 23 67 14 61 28 21 87 20 63  9 54 58 68 12 57 84 29 33 25 42  1 86 35 60 61 57 38 45 79 90 87 25 89 25 39 83 19 65 33 79 18 84  8 
77  4 15 55 51 24 33 86 94 32 22  4 63 47  0 65 94 65 58 53 68 67 19 54 63 23 83 29 61 64 77 28 40 98 83 100 36 58 11 35 96 14  1 40 74 61 28 32 35 49 10 58 43 20 55 28  6 100  7 12 
83 37 34 74 27  3 70 73 18 11 55 61 43  2 65  0 99 11 66 82 19 44 72  8 64 77 87 61 31  5 16 70 73 75 45 78 80 44 79 27 94 11 84 86 67 29 97 32 19 50  4 60 96  3 66 93 80 64 53 36 
49 92 21 14 40 72 44  6 57 19 30 65  3 73 94 99  0 57 71 62 85 80 22 100 67 89 84 21 43 91 98 41 62 13 58  9 95 65  7 46 88  7 39  4 17 27 99 32 71 44 81 30 18  6 23  8 80 96 21 12 
96 100  6 49 87 88 98 93 68  8 60 69 38 23 65 11 57  0  5 71 22 29 10 84 51 97 85 15 58 26 14  9 88 14  3 71 29 62 79 88  5 70 99 16 80 99 96 76 47 72 27 25 14 20 39 54 40 36 53 50 
24 92 23 96 79 75 25 35 34 92 54 51 34 67 58 66 71  5  0 26  9 52 96 31 81 56 22 79 21 37 31 28 47  6 85 75 32 97 98 33 21 37 19 31 35 96  6 82 15 54 78 73 28 70 69 93 85  8 23 65 
27 25 68 33 74 41 67 22 33 81 49 84 92 14 53 82 62 71 26  0 67 92 15  7 65 23 80 91 76  3 69  5 87 10 22 80 24 43 47 10 38 12 52 91 43 85 41 59  6 70  8 29 93 80 72 35 76 95 81 34 
64 75 58 67 25  9 99 81 97 35 52  6 23 61 68 19 85 22  9 67  0 75 68 99 53 49 52 37 35 38  7 96 71 45 16 68 78 97 84 97 30 59 65 27 45 21 59  5 44 83 88 72  1 15 87 22 50 92 21 23 
41 86 74 54  7 33 40 24 39 76 40 17 80 28 67 44 80 29 52 92 75  0 86 55 63 70 28 98  5 94 11 14 98 63 70 61 17 22 16  9 85 86 76 24 77 74  8 96 44 89 42 47 77 47 14 14 35 57 71 40 
30 70 91 66 29 51  1 69 87 51 95 40 48 21 19 72 22 10 96 15 68 86  0 40 95 77 30 61 69 80  3 26 69 43  5 41  6 65  2 98 97 49 25 20 47 98 89 18 99 74 45 74 86 44 45  9 81 24 97  2 
43 80 14 14 56 32 45 65 100 92 25 45  4 87 54  8 100 84 31  7 99 55 40  0 59 76 53 65 23 51 87 84 76 74 11 50 28 38 75 19 60 53 47 17  7 62 100 90 81 72 69 61 70 30 32 13 26 88  7 60 
27 37 77 63  9 87 35 31 39 26 51 87 91 20 63 64 67 51 81 65 53 63 95 59  0 37  6 32 68  7  2 22 31 15 53 28 85 35 99 10 21 62 15 71 75 58 98 28 65 18 84 25 55 32 57 85 64 96  2 50 
53 52  8 68 55 32 13 68 27 12 88 22  5 63 23 77 89 97 56 23 49 70 77 76 37  0 95 21 91 30 86 86 19 66 44 68 93 78 24 34 96  4 18 98  9 40 86 95 23  3 33 69 56 100 33 63  3 56 84 55 
37  6 72 85 76 13 11 83 35 55 43 62 79  9 83 87 84 85 22 80 52 28 30 53  6 95  0 30 96 81 86 40 54 70 33 35 100 82 81 25 18 59 11 69 78 16  8  6 92  5  9 67 96 81  7  5 27 29 79  7 
75 13 77 10 52 42 79 41 74 10 70 96 49 54 29 61 21 15 79 91 37 98 61 65 32 21 30  0 23 54 24 26 36 88 17 90  9 80 73 89 17 35 27 94 92 96 74 79 23 39  5 52 71 17 84 45 13 35 15 44 
78 17 20 12  1 22 74 50 16 54 98 74 42 58 61 31 43 58 21 76 35  5 69 23 68 91 96 23  0  1 57 72 51 28 48 50 64 26 86 45 32 91 25 54 30 22 24 74 37  8 40 67 59 16 59 46 12  3 50 45 
88 10 85 55 46 90 59  3 80 88 86 74 61 68 64  5 91 26 37  3 38 94 80 51  7 30 81 54  1  0 25 72 95 17 55 47 35 42 40 93 93 39 10 88 76 59 11 56  5 22 61 62 61 62 74 47 31 64 13  1 
40 47 13 69  6  8 99 35 31 90 73 80 15 12 77 16 98 14 31 69  7 11  3 87  2 86 86 24 57 25  0  7 71 47 20 93 27 50  5  9 33 81 26 95 87 21 74 14 83 56 74  4 59 39 18 69 29 78 85 91 
29  6 82 68 72 20 48 17 92  1 58 38 76 57 28 70 41  9 28  5 96 14 26 84 22 86 40 26 72 72  7  0 20 63 26 88 13 96 91 67 64 62 11 36 78 92 83 41 33 42 35 83  5 90 46  1 91 59 29 12 
73  7  9  2 81  6 10 42 52 37 91 87 35 84 40 73 62 88 47 87 71 98 69 76 31 19 54 36 51 95 71 20  0 33 67 28 76 57  7 93 28 17 80 45 19 44 34 65 69 46 15 23 38 89 51 41 89 48 28 77 
67 22 28 94 41 41 45 75 28 44 79 18 34 29 98 75 13 14  6 10 45 63 43 74 15 66 70 88 28 17 47 63 33  0 80  1 56 39 54 27 38 83 93 61 93 72 19 29 12 59 29 51 37 37 13 57 95 64 95 27 
67 98 61  7 87 23 84 98 68 51 81 88 85 33 83 45 58  3 85 22 16 70  5 11 53 44 33 17 48 55 20 26 67 80  0 65  5 17 81 57 80 12 35 84 19 42 20 71 34 75 16 27 28 69 32 67 13 90 47 67 
80 16 78 72 100 13 23  9 86  3 67 91 15 25 100 78  9 71 75 80 68 61 41 50 28 68 35 90 50 47 93 88 28  1 65  0 65 32 54 33  3 24 86  5 31 13 53 98 63 32 94 73 28 24 78 55 82 51 17  3 
46 79 24 78  2 36 30 29 58  5  8 83 87 42 36 80 95 29 32 24 78 17  6 28 85 93 100  9 64 35 27 13 76 56  5 65  0 67 78 58  9 79 69 35 31 17 82  8  7 17 62 92 92 67 92 59  8 15 15 72 
98 97 25 89 19 35 96 91 52 18 17 38 89  1 58 44 65 62 97 43 97 22 65 38 35 78 82 80 26 42 50 96 57 39 17 32 67  0 39 43 97 93 89 30 95 62 32 97 94 85  5 82 70 69 86 13 65 60  3 59 
63 66 53 80 10  3 11 49 92 84 80 39 18 86 11 79  7 79 98 47 84 16  2 75 99 24 81 73 86 40  5 91  7 54 81 54 78 39  0 67  9 64 79 95 72 97 90 62 23 73 22 46  8 14 48 21 45 69 61 72 
 3  5 47 19  7 93 20 90 32  1  6 78 49 35 35 27 46 88 33 10 97  9 98 19 10 34 25 89 45 93  9 67 93 27 57 33 58 43 67  0 31 97 28 66 31 42 78 37 59 71 45 23 18 57 58 19 94  2 42 40 
73 60 79  8 81 84 83 29  6 91 31  5 29 60 96 94 88  5 21 38 30 85 97 60 21 96 18 17 32 93 33 64 28 38 80  3  9 97  9 31  0 93 51 96 99 56 71 58 88 64 33 97 28 42 78 20 96 30 87 35 
97 56 26 78 48 30 72 21 87  6 69 82 68 61 14 11  7 70 37 12 59 86 49 53 62  4 59 35 91 39 81 62 17 83 12 24 79 93 64 97 93  0 68  4  7 21 55 37 63 87 83 70 19  6 75 66 87 53  6 99 
39 92  2 90 83 100 46 29 56 29 89 73 32 57  1 84 39 99 19 52 65 76 25 47 15 18 11 27 25 10 26 11 80 93 35 86 69 89 79 28 51 68  0 66 59 87 87 74 21 65 80 62 33  7 77 12 100 71 11 11 
99 58 31 78 36 92 20 12 19  5 41 53 59 38 40 86  4 16 31 91 27 24 20 17 71 98 69 94 54 88 95 36 45 61 84  5 35 30 95 66 96  4 66  0 17 68 80 32  7 17 69 18 44 61 82 18 76  3 25 91 
24 100  5  4 57 31 74  2 43  7 88 43 58 45 74 67 17 80 35 43 45 77 47  7 75  9 78 92 30 76 87 78 19 93 19 31 31 95 72 31 99  7 59 17  0  9 20 21 41 19 53 64 21 85  2  1 71 29 87 34 
50 12 93 59 72 33 24 56 11 49 56 68  9 79 61 29 27 99 96 85 21 74 98 62 58 40 16 96 22 59 21 92 44 72 42 13 17 62 97 42 56 21 87 68  9  0 13  4 23 78 55 27 90 40 52 55 70 24 60 76 
75 25 55 46 11 93 40 45 74 42 73 84 34 90 28 97 99 96  6 41 59  8 89 100 98 86  8 74 24 11 74 83 34 19 20 53 82 32 90 78 71 55 87 80 20 13  0 75 25 76 26 70 49 42 84 54 80 84 84 28 
79 60 18 64 34  3 31 74 89 67 29 68  6 87 32 32 32 76 82 59  5 96 18 90 28 95  6 79 74 56 14 41 65 29 71 98  8 97 62 37 58 37 74 32 21  4 75  0 34 61 75 17 80  9 86 66 100  2 58  6 
45 20 58 74 83 37 53 32 14 13 79 30 51 25 35 19 71 47 15  6 44 44 99 81 65 23 92 23 37  5 83 33 69 12 34 63  7 94 23 59 88 63 21  7 41 23 25 34  0 31  3 58 35 11 29 25 66 41 96 26 
42 62  9 74 21 80 41 56 27 81 50  3 26 89 49 50 44 72 54 70 83 89 74 72 18  3  5 39  8 22 56 42 46 59 75 32 17 85 73 71 64 87 65 17 19 78 76 61 31  0 55 73 23 44 58  8 74 69 26 15 
 8  2 48 29 100 34 47 36 18 89 62 18 73 25 10  4 81 27 78  8 88 42 45 69 84 33  9  5 40 61 74 35 15 29 16 94 62  5 22 45 33 83 80 69 53 55 26 75  3 55  0 70 74 80 42 12 66  1 33 67 
56  4 19 92 73 48 48 55 100 21 34 54 59 39 58 60 30 25 73 29 72 47 74 61 25 69 67 52 67 62  4 83 23 51 27 73 92 82 46 23 97 70 62 18 64 27 70 17 58 73 70  0 72 70 23  7 48 79 10 78 
30 22 79 32 67 71 45 24 94 38 80 92 35 83 43 96 18 14 28 93  1 77 86 70 55 56 96 71 59 61 59  5 38 37 28 28 92 70  8 18 28 19 33 44 21 90 49 80 35 23 74 72  0 72 80 26 29 59 37 66 
82 83 32 58 80  7 55  5  6 73 93 19 39 19 20  3  6 20 70 80 15 47 44 30 32 100 81 17 16 62 39 90 89 37 69 24 67 69 14 57 42  6  7 61 85 40 42  9 11 44 80 70 72  0 32 31  8 100 13  2 
53 44 72 76 85 84 15 57 86 42 56 14 86 65 55 66 23 39 69 72 87 14 45 32 57 33  7 84 59 74 18 46 51 13 32 78 92 86 48 58 78 75 77 82  2 52 84 86 29 58 42 23 80 32  0 78 71 40 53 72 
91 52 73 39 39 39 86  7 27 71 77 78 19 33 28 93  8 54 93 35 22 14  9 13 85 63  5 45 46 47 69  1 41 57 67 55 59 13 21 19 20 66 12 18  1 55 54 66 25  8 12  7 26 31 78  0 96 21 55 58 
70 84 62 89 41 94 36 35 70 80 83  8 82 79  6 80 80 40 85 76 50 35 81 26 64  3 27 13 12 31 29 91 89 95 13 82  8 65 45 94 96 87 100 76 71 70 80 100 66 74 66 48 29  8 71 96  0 96 52 64 
13 93 96 72 100 32  8 32 45 83 34 31 38 18 100 64 96 36  8 95 92 57 24 88 96 56 29 35  3 64 78 59 48 64 90 51 15 60 69  2 30 53 71  3 29 24 84  2 41 69  1 79 59 100 40 21 96  0  6 62 
46 17 85 41 81  3 37 53 73 40 89 25  2 84  7 53 21 53 23 81 21 71 97  7  2 84 79 15 50 13 85 29 28 95 47 17 15  3 61 42 87  6 11 25 87 60 84 58 96 26 33 10 37 13 53 55 52  6  0 34 
12  3 23 65 77 22 34 34 25 19 47 59 16  8 12 36 12 50 65 34 23 40  2 60 50 55  7 44 45  1 91 12 77 27 67  3 72 59 72 40 35 99 11 91 34 76 28  6 26 15 67 78 66  2 72 58 64 62 34  0 

 0 79 91 83 30 37 70 46 97 65 31 37 97 26 35 24 71 19 84 48 30 45 100 76 61 67 43 61 52 32 72 73 38 44 45 38 89 17 42 47 33 43 46 61 77 28 50 82 67 53 61 69 71 27 77  7 46 36 44 70 
79  0 97 22  9 43 63 43 70  3 94 22 72 90 94 44 73 13 20 86 41 35 10  9 75 78 53 43 42 82 53 77 76 43 30 68 41 15 56 75 63 81 34 31  4 81 32 73 86 34 62 78 87 66 94 51 52 25 94 92 
91 97  0 82 24 61 39 41 73 71 63 34 36 84 97 47 93 99 81 47 28 81 31 67 36 82 57 32 94 11 94 17 84 96 71 37 74 80  7 59  1 80 89 85 79  3 31 60 67 65 44 96 20 19 34 40  2 39 20 59 
83 22 82  0 41 12 11  6 73  8 75 57 59 91 52 16 50 61 28 19 19 61 69 71 67 19  3 99 100  4 23 33 64 76 72 54 62 38 26 90 59 33 32 27 65 47 31 14 49 24 80 53 63 37 25 43 67 56 90 60 
30  9 24 41  0 76  7 83 40 62 16 38 39 71 49 58 70 39 28 10 69 86 65  2 53 35 12 60 54 93 83 43 11 53 39  1 90 69 86 52 39 27 15 97 62 49 88 90 15 86 14 31 32 25 49 39 70  8  6 55 
37 43 61 12 76  0 53 75 47 46 81 12 51 47 78 96 35 21 71 52 77 55 32 77  8 83 66 63 38 13 67 93 92 71 33 74 55 66 93 12 56 64 19 39 95 89  8 93 55 57 43 83 58 51 32 96  6  8 96 74 
70 63 39 11  7 53  0 98 16 63 93 87 19 36 30 50 36  5 64 27  9 49 44 57 60 44 74 31 36 54 22 60 41 40 21 54 77 40 100 84  1 14 75 69 67 59 50 81 66 93 56 33 72 36 89 30 75 96 86 54 
46 43 41  6 83 75 98  0 92  3 86 55 79 50 19  9 67  8 22 63 81 92  8 22 73  2 19 75 21 75 73 64 92  5  9 97 74 35 32  1 64 40 56 34 89 34 52 53 88 63 33 28 74 88 14 87 71 86 79 50 
97 70 73 73 40 47 16 92  0  7 69 89 26 56  2 100 24 37 95 95 52 42 50 59 43 44 49  6 74 60 20 44 41 30 46 17  8 61  9 100 95 45 42 44 52 91 23 34 88 57 87 60 11 78 98 95 42 81 52 90 
65  3 71  8 62 46 63  3  7  0 67 56 89 56 58 76 93 99 18 33 90 11 55 15 75 97 40 88 51 10 25 40 66 65 47 97 84 56 11 65 23 99 67 81 98 82 82 53 65 10 43 61 66 16 100 42 57 50 52 45 
31 94 63 75 16 81 93 86 69 67  0 36 61 73 51 75 69 42 58 57 62 70 10 90 22 20 78  7 15 42 41 38  7 53 44 54 80 90 12 94 69  1  4 57  9 89  9 69 31 52 54 95 43 31  6 41 38 90  7 73 
37 22 34 57 38 12 87 55 89 56 36  0 31 49 76 64 30 15 87 31 65 80 74 44 32 78 62 55 19 23  5 19 34 80 11 18 15 59 70 57 85 29 56 23 79 42 40 61 62 82 36 22  1 81 92 55 84 82 92 20 
97 72 36 59 39 51 19 79 26 89 61 31  0 16 32 64 63 55 51 24 81 15 21 93 48 97 26 49 65 66 62 14 19 64 46 84  9 20 36 50 61 77 59 42 34 91 68 87 44 80 14 17 54 53 71 92 51 59 74 17 
26 90 84 91 71 47 36 50 56 56 73 49 16  0 11 26 35 71 78 22 46 97 57 29 38 45 72 96 57 21 68 73 56 96 90 67 75 80 58 76 58 41 47 29 36 29 33 42 83 88 65 65 41 100 52 66 37 89 32 56 
35 94 97 52 49 78 30 19  2 58 51 76 32 11  0 10 44 56 60 59 35 13 60 29 47 19 45 74 60 51 43 54 31  6 41 15 90 99 86 93 17 97 45 95 14 33 58 43 71 61 85 26 40 90 19 67 93 31 89 80 
24 44 47 16 58 96 50  9 100 76 75 64 64 26 10  0  3 30  4 16 38 57 42 62 35 14 11 29 83 100 66 65 18 21 21 49  3 79 22 43 38 75 30 35 59 42  8 87 89 62 69 43 34 81 69 43 18 20 13 43 
71 73 93 50 70 35 36 67 24 93 69 30 63 35 44  3  0 25 40 89 22 25 80 14 20 28 35 45 12 40  3 55 55 67 49 84  8 33 79 91 12 97 65 90 57 65 27 38  8 69 32 46 63 89 68 89 34 32 47 95 
19 13 99 61 39 21  5  8 37 99 42 15 55 71 56 30 25  0 85 22 62 87 55 52 98  4 10 70 23 58 66 61 32 49 69  7 73 34 36 21 90 48  5 54  3  4  7 64 56 30 56 70 75 40 42 52 70 21 59 82 
84 20 81 28 28 71 64 22 95 18 58 87 51 78 60  4 40 85  0 64 42 58 60 50  3 40 59 78 61 81 16 65 93 77 25 11 91 37 20 90 64 44 69 68 85 30 56 39 75 53 34 30 91 15 50 14 29 80 70 60 
48 86 47 19 10 52 27 63 95 33 57 31 24 22 59 16 89 22 64  0 48 63 63 23 41 48 21 61 29 79 20 82 19 79 78 11 71 49 49 87 97 51 51  9 94 44 67 23 79 12 46 92 14 34 45 56 30 26 56 32 
30 41 28 19 69 77  9 81 52 90 62 65 81 46 35 38 22 62 42 48  0 47 26  7 46 51 91 48 46 23 96  2 30 38 71 25  8  4  4 14 71 54 66 40 74 93 57 79 62 32 27 44 85 79 25 92 17  8 81 77 
45 35 81 61 86 55 49 92 42 11 70 80 15 97 13 57 25 87 58 63 47  0 26 33 34 41 89 10 100 47 55 79  1 56 59  6 68 44 39 72 32  8  2 92 72 31 97 21 58 18 82 25 43 80 74 81 69 74  5 69 
100 10 31 69 65 32 44  8 50 55 10 74 21 57 60 42 80 55 60 63 26 26  0 29 17 24 46 46 73 17 96 59 28 48 74 97 99 27 95 37 12 46 28 98 40  3 25 27 51 47 20 55  8 46 93 73 45 70 62 85 
76  9 67 71  2 77 57 22 59 15 90 44 93 29 29 62 14 52 50 23  7 33 29  0 63 17 25 73 74 67 33 11 19 42 55 36 34 49 27 92 51 44 45 47 62 68  1 17 70 11 85 39 50  6 96 62 79 21 77 43 
61 75 36 67 53  8 60 73 43 75 22 32 48 38 47 35 20 98  3 41 46 34 17 63  0 47 75 88  4 99 81 37 59 81 24 63 38 60  3 62 83 22 24 16  2 19  6 60 56 73 10 56 15 55 51 13 81  2 73 61 
67 78 82 19 35 83 44  2 44 97 20 78 97 45 19 14 28  4 40 48 51 41 24 17 47  0 39 87 12 58  6 74 91 45 95 67  1 24 69 61 16 67 91  1 96 58 55  6 97 87 63 48 98 18 42 21 75 18 18 48 
43 53 57  3 12 66 74 19 49 40 78 62 26 72 45 11 35 10 59 21 91 89 46 25 75 39  0  3 55 42 30 32 17 67 46 80 24  5 12 76 63 71 82 21 21 87 73 65 10 79 82 36 10 72 81 81 28 60  8 27 
61 43 32 99 60 63 31 75  6 88  7 55 49 96 74 29 45 70 78 61 48 10 46 73 88 87  3  0 86 50 88 46 46 38 94 17 93 14 57 32 72 76 91 16 22 37 94 35 16 77 98 66 11 38  6 86 59 72 70 19 
52 42 94 100 54 38 36 21 74 51 15 19 65 57 60 83 12 23 61 29 46 100 73 74  4 12 55 86  0 52 78 70 64 41 62 65 29 78 17 93 70 25 62 10 54 28 78 42 19 63 48 35 79 96 16 91 100 90 51 46 
32 82 11  4 93 13 54 75 60 10 42 23 66 21 51 100 40 58 81 79 23 47 17 67 99 58 42 50 52  0 76  6 35 43 66 93 100 44 70 24 57 71 88 20 25 27 78 31 81 25 33 11 92 79 23 47 37 45 32 94 
72 53 94 23 83 67 22 73 20 25 41  5 62 68 43 66  3 66 16 20 96 55 96 33 81  6 30 88 78 76  0 89 27 12 94 26 33 71 35 87 40 14 90 45 37 33 73 24 86 24 49 73 40 27 31 38 31 10 32 29 
73 77 17 33 43 93 60 64 44 40 38 19 14 73 54 65 55 61 65 82  2 79 59 11 37 74 32 46 70  6 89  0 95 49 67 15 78 25 18 36 58 52 89 74 40 44 15 48 76 51 44  5 42 17 30 88 60 17 52 78 
38 76 84 64 11 92 41 92 41 66  7 34 19 56 31 18 55 32 93 19 30  1 28 19 59 91 17 46 64 35 27 95  0 87 21 94  8 18 72  1 87 58  9 51 18 55 46 30 66 80 26 58 45 17 25 58 20  5 65 46 
44 43 96 76 53 71 40  5 30 65 53 80 64 96  6 21 67 49 77 79 38 56 48 42 81 45 67 38 41 43 12 49 87  0 21 55 47 80 19 37 87 38 28 29 21 25 91 14 91 51 86 45 57 45 84 25 56 31 15 53 
45 30 71 72 39 33 21  9 46 47 44 11 46 90 41 21 49 69 25 78 71 59 74 55 24 95 46 94 62 66 94 67 21 21  0 77 20 98 24 71  1 50 26 19 68 87 90 38 91 78 83 46 12  8 37  6 80 18 73 15 
38 68 37 54  1 74 54 97 17 97 54 18 84 67 15 49 84  7 11 11 25  6 97 36 63 67 80 17 65 93 26 15 94 55 77  0 16 89 70 82 62 30 15 48 71 82 76 20 52 51 22 34 24 53 29 57 14 16 40 66 
89 41 74 62 90 55 77 74  8 84 80 15  9 75 90  3  8 73 91 71  8 68 99 34 38  1 24 93 29 100 33 78  8 47 20 16  0 65 38 48 90 75 59 76 77 57 27 61 81 59 58  1 14 34 28 61 76 82 60 15 
17 15 80 38 69 66 40 35 61 56 90 59 20 80 99 79 33 34 37 49  4 44 27 49 60 24  5 14 78 44 71 25 18 80 98 89 65  0 56 74 42 34 48 61 23 66 72 11 40 20 100 25 64 22 11 48  9 15 77 34 
42 56  7 26 86 93 100 32  9 11 12 70 36 58 86 22 79 36 20 49  4 39 95 27  3 69 12 57 17 70 35 18 72 19 24 70 38 56  0 75 40  2 30 15 40 18 20 27 98 40 89 26 63 99 27 57 36 15 29 53 
47 75 59 90 52 12 84  1 100 65 94 57 50 76 93 43 91 21 90 87 14 72 37 92 62 61 76 32 93 24 87 36  1 37 71 82 48 74 75  0 61 62 42 32 85 93  5 70 33 37 62 55 96 52  2 67 47 72 48 35 
33 63  1 59 39 56  1 64 95 23 69 85 61 58 17 38 12 90 64 97 71 32 12 51 83 16 63 72 70 57 40 58 87 87  1 62 90 42 40 61  0 26 41 54 17 32 16 21 57  8 49 33 68 39 12 70 32 74 19 50 
43 81 80 33 27 64 14 40 45 99  1 29 77 41 97 75 97 48 44 51 54  8 46 44 22 67 71 76 25 71 14 52 58 38 50 30 75 34  2 62 26  0 13 100 86 40 49 46 51 23 14 22 80 65 23 18  7 43 77  3 
46 34 89 32 15 19 75 56 42 67  4 56 59 47 45 30 65  5 69 51 66  2 28 45 24 91 82 91 62 88 90 89  9 28 26 15 59 48 30 42 41 13  0 17 52 32 40 58 72 61 51 16 70 64  6 82 42 42 94 92 
61 31 85 27 97 39 69 34 44 81 57 23 42 29 95 35 90 54 68  9 40 92 98 47 16  1 21 16 10 20 45 74 51 29 19 48 76 61 15 32 54 100 17  0 59 18  7 43 67 95 16 91 82 23 21 62  6 82 72 49 
77  4 79 65 62 95 67 89 52 98  9 79 34 36 14 59 57  3 85 94 74 72 40 62  2 96 21 22 54 25 37 40 18 21 68 71 77 23 40 85 17 86 52 59  0 62 61 94 93 31 58 18 45 52 81 75 26 81 84 53 
28 81  3 47 49 89 59 34 91 82 89 42 91 29 33 42 65  4 30 44 93 31  3 68 19 58 87 37 28 27 33 44 55 25 87 82 57 66 18 93 32 40 32 18 62  0 87 87 74 38 19 80 40 89  5 45 11 76 53  2 
50 32 31 31 88  8 50 52 23 82  9 40 68 33 58  8 27  7 56 67 57 97 25  1  6 55 73 94 78 78 73 15 46 91 90 76 27 72 20  5 16 49 40  7 61 87  0 29 23 32 45 47 72 81 30 44 37 64 77 73 
82 73 60 14 90 93 81 53 34 53 69 61 87 42 43 87 38 64 39 23 79 21 27 17 60  6 65 35 42 31 24 48 30 14 38 20 61 11 27 70 21 46 58 43 94 87 29  0 42 47 21 54 48 89 53 78 12 93 20 83 
67 86 67 49 15 55 66 88 88 65 31 62 44 83 71 89  8 56 75 79 62 58 51 70 56 97 10 16 19 81 86 76 66 91 91 52 81 40 98 33 57 51 72 67 93 74 23 42  0 97 95 24 85 100 42 78 33 34 54 84 
53 34 65 24 86 57 93 63 57 10 52 82 80 88 61 62 69 30 53 12 32 18 47 11 73 87 79 77 63 25 24 51 80 51 78 51 59 20 40 37  8 23 61 95 31 38 32 47 97  0 36 34 99 75 33 87 97 45 14 64 
61 62 44 80 14 43 56 33 87 43 54 36 14 65 85 69 32 56 34 46 27 82 20 85 10 63 82 98 48 33 49 44 26 86 83 22 58 100 89 62 49 14 51 16 58 19 45 21 95 36  0 24 13 32 45 93 11 77 69 42 
69 78 96 53 31 83 33 28 60 61 95 22 17 65 26 43 46 70 30 92 44 25 55 39 56 48 36 66 35 11 73  5 58 45 46 34  1 25 26 55 33 22 16 91 18 80 47 54 24 34 24  0 22  9 59 55 39 52 69  9 
71 87 20 63 32 58 72 74 11 66 43  1 54 41 40 34 63 75 91 14 85 43  8 50 15 98 10 11 79 92 40 42 45 57 12 24 14 64 63 96 68 80 70 82 45 40 72 48 85 99 13 22  0 66 29 94 57  9 83 57 
27 66 19 37 25 51 36 88 78 16 31 81 53 100 90 81 89 40 15 34 79 80 46  6 55 18 72 38 96 79 27 17 17 45  8 53 34 22 99 52 39 65 64 23 52 89 81 89 100 75 32  9 66  0 94 95 63  6 56 85 
77 94 34 25 49 32 89 14 98 100  6 92 71 52 19 69 68 42 50 45 25 74 93 96 51 42 81  6 16 23 31 30 25 84 37 29 28 11 27  2 12 23  6 21 81  5 30 53 42 33 45 59 29 94  0  2 54 58 36 85 
 7 51 40 43 39 96 30 87 95 42 41 55 92 66 67 43 89 52 14 56 92 81 73 62 13 21 81 86 91 47 38 88 58 25  6 57 61 48 57 67 70 18 82 62 75 45 44 78 78 87 93 55 94 95  2  0 31 62  9 73 
46 52  2 67 70  6 75 71 42 57 38 84 51 37 93 18 34 70 29 30 17 69 45 79 81 75 28 59 100 37 31 60 20 56 80 14 76  9 36 47 32  7 42  6 26 11 37 12 33 97 11 39 57 63 54 31  0 68 51 71 
36 25 39 56  8  8 96 86 81 50 90 82 59 89 31 20 32 21 80 26  8 74 70 21  2 18 60 72 90 45 10 17  5 31 18 16 82 15 15 72 74 43 42 82 81 76 64 93 34 45 77 52  9  6 58 62 68  0 88 65 
44 94 20 90  6 96 86 79 52 52  7 92 74 32 89 13 47 59 70 56 81  5 62 77 73 18  8 70 51 32 32 52 65 15 73 40 60 77 29 48 19 77 94 72 84 53 77 20 54 14 69 69 83 56 36  9 51 88  0 69 
70 92 59 60 55 74 54 50 90 45 73 20 17 56 80 43 95 82 60 32 77 69 85 43 61 48 27 19 46 94 29 78 46 53 15 66 15 34 53 35 50  3 92 49 53  2 73 83 84 64 42  9 57 85 85 73 71 65 69  0 

 0 88 86 51 99 58 100 27 24 52 12 32 72 17 10 57 66 12 80 66  2 50 98 11 74 62 88 43 20 12 79 77  4 27 65 73 24 12 52 88 17 12 65 22 33 78 15 69 53 52 89 32 100 12 47 25 15 32 51 48 
88  0 69 11 64 95 84 49 59 53 84  9 88 76 86 99 44  2 25 68  1 39 91 48 92 58 95 70 49 97 78 70 10 51 44 77 13 18 26 76 33 35  2 41 26 78 75 32 67 39 86 95 93 21 44 53 20 37 66 77 
86 69  0 67 39 56 62 58 71 48 73 34 39 100 91 97 24 87 66 48 36 68 24 50 27 59 17 50 51 25 67 13 70 75 71 20 96 63 51 65 30 62 23 92 58 50 58 69 91 79 86 71 10 62 34 59 38 28 67 65 
51 11 67  0 39 27 92 58 78 50 96 81 46 49 29 36 85 15 13 40  8 77 47 54 57 77 24 82 72 67 44 37 74 12 78 21 27 14 12 60 70  1  4 61 76 76 28 70 40 51 36  6 39 50 59 84 40 51 60 38 
99 64 39 39  0 98 54 87 61 43 88 28 80 47 70 43 74 52 41 32 54 83 30 35 47 53 44 49 96 63 93 16 60 52  2 24 100 92 52 59 48 99 34 97 38  7 98 92 66 63 32 10 30 61 38 42 77 10 60  3 
58 95 56 27 98  0  9 83 35 23 90  4 58 26 79 89 24 35 14 75 96 43 39 81 43 78 100 56 68 31 82 77 89 47 58 92 84 29 90  9 23 70 19 45 21 28 11 79 78  5 99 66 10 81 45 28 53 55 53 50 
100 84 62 92 54  9  0 63 62  7 59 29 36 99 71 43 84 20 58 25 37 67 89 79 43 96 57 23 14 72 18 42 96 43 57 77 21 24 95 98  9 29  5 66 35 44 29  4 55 10 15 56 37 16 67 22 86 70 47 74 
27 49 58 58 87 83 63  0 95 11 75 53 40 75 10 32 61 18 18 78 28 66 16 63 55 29 32 94 73 58 68 69 50 47  5 94 14 21 71 74 97 77 31 99 85 54 40 20 91 27 94 46 64 100 89 92 99 50  1 90 
24 59 71 78 61 35 62 95  0  1 32 63  8 59  8 72 14 49 48 79  9 40  1  1 62 64  6 14 41 52 20 21 73 38 31 56 10 82 47 73 54 50 72 83 49 62 27 47 82 56 98 10 54 88 28 39 52 26 30 74 
52 53 48 50 43 23  7 11  1  0 14 49 52 23 81 54 55 91 64 30 25  7 33 33 65 96 35 37 10 40 59 94 49 75 79 61 86 80 54 84 42 84 76 68 69 34 87 15 67 23 60 75 58 52 70  7 41  4 56 94 
12 84 73 96 88 90 59 75 32 14  0 88 50 63 31 80 49 75 23 65 91 87  3 71 95 31 98  8 19  4  3 31  3 40 44 38 95 26 32 31 81 72 28 79 18 12 33 73 15 50  5 47 80 42 83 10 14 99 36 27 
32  9 34 81 28  4 29 53 63 49 88  0 24 29 32 53  2 35 97 10 82 96 12 63  3 78 38 24 48 21 52 28  2 96 34 19 48 98 47 12 92  5 42 71 76 26  7 13 83 91 74  9  8 77 82 11 95 99 70 48 
72 88 39 46 80 58 36 40  8 52 50 24  0 15 26 62 62 88  7 10 93 46 100 93 29 94 46 48 80 48 73  7 84 93 27 98 15 15 80 64 59 22 90 33 40 74 64 64 32 44 16 23 83 83 47 68 20 28 65 37 
17 76 100 49 47 26 99 75 59 23 63 29 15  0 90 65 51 74 41 56 25 36 62 39 49 88 19 44 72 72 100 15 27 15 60 77 40 43  3 41 25 63 30 86 97 65 25 12 97 13 72  5 24 81 51 39 30 13 47 58 
10 86 91 29 70 79 71 10  8 81 31 32 26 90  0 52 17 50 67 71 37 36 99 77  7 80 21 60 70 83 45 89 55  7 16 15 55 29 94 97 20 50 100  8 11 92 65 87 23 21 91 65 59 70 74 52 70  6 65 96 
57 99 97 36 43 89 43 32 72 54 80 53 62 65 52  0 46 80 81 28 72 20 19 37  8 52 70 82 88 84 74 10 53 46 26 79 25 82 94 53  5 63 44 30 40 97  4 80 56 43 93 61 38 41 81  5 74  4 20 65 
66 44 24 85 74 24 84 61 14 55 49  2 62 51 17 46  0 80 21 47  4 53 53 66 30 24 16 20 46 14  1 68 55 51 45 62 58 65 85 56  8 98 93 77 63 69  2 55 49 36 13 64 87 95 89 60 26 37 78 36 
12  2 87 15 52 35 20 18 49 91 75 35 88 74 50 80 80  0 75 78 41 95 93 20 68 15  8 97 42 71 61 76  3 86 96 78 82 42 58  5 92  2 23 26 39 16 35 53 45 11 91 74 87 92 34 69 93 73 51 62 
80 25 66 13 41 14 58 18 48 64 23 97  7 41 67 81 21 75  0 64 86 59 34 84  6 62 54 13 66 69 93 16 37 61 16 64 27 13 26 80 70 30 82 80 82  2 93 70 70 44 17 17 96 71 64 35 58 86 70 64 
66 68 48 40 32 75 25 78 79 30 65 10 10 56 71 28 47 78 64  0 15 43 89 58 53 47 31 50 82 92 32 36 42 94 71  2 88 46 70 82 61 71 10 26 22 30 69 40 97 33 79 38 35 26 41 32 29 47 58 82 
 2  1 36  8 54 96 37 28  9 25 91 82 93 25 37 72  4 41 86 15  0 54 60  3 27 53 52 69 74 32 91 11 11 33 93 63  3 10 15 63 78 13 32 77 40 69 18 64 84 32 13 60 95 74 33 50 32 15 71 68 
50 39 68 77 83 43 67 66 40  7 87 96 46 36 36 20 53 95 59 43 54  0 10 44 86  5 75 43 90 45 87 93  2 35 63  6 95 97 100 54 31  3 49 74  4 26 30 51 14 11 14 22 26 75 59 100 21 75 45 66 
98 91 24 47 30 39 89 16  1 33  3 12 100 62 99 19 53 93 34 89 60 10  0 99 19 55  5  5 32 14 89 81 19 42 74 52 49  8 81 34 37 62 52 48 26 41 33 95 58 33 32 37  1 79 67 81 66 72 21 93 
11 48 50 54 35 81 79 63  1 33 71 63 93 39 77 37 66 20 84 58  3 44 99  0 30 32 64 35 21 63 56 49 72 58 97 63 92 94 20 97  9 32 31 56 100 17 16  6 31 31 94 51  9 58 40 73 62 23 91 90 
74 92 27 57 47 43 43 55 62 65 95  3 29 49  7  8 30 68  6 53 27 86 19 30  0 97 58 37 27 36 55 99 61 100 72 59 60 80 31 95 97 39 75  2 48 57 11 58 37 77 15 90 66 25 36 15 24 18 80 91 
62 58 59 77 53 78 96 29 64 96 31 78 94 88 80 52 24 15 62 47 53  5 55 32 97  0 25 99 11 85 20 11 23 80 95 24  9 69 13 29 13 74 95 13 66 56 24 27 18 47 82 40 35  3 75 37 72 58  1 25 
88 95 17 24 44 100 57 32  6 35 98 38 46 19 21 70 16  8 54 31 52 75  5 64 58 25  0 94  5 10 12 79 57 93 27 44 13  3 24 38 68 44 82 12 34 53 99 72 29 82 80 10 27 33 84 96 53 61 14 100 
43 70 50 82 49 56 23 94 14 37  8 24 48 44 60 82 20 97 13 50 69 43  5 35 37 99 94  0 76 57 48 73 52 26 67 27 84  6 45 28 99 82 86 60 27 15 81 14 92 74 84 56 54 70 15 59 58 57 81 91 
20 49 51 72 96 68 14 73 41 10 19 48 80 72 70 88 46 42 66 82 74 90 32 21 27 11  5 76  0 96 73 32  5 60 34 14 20 90 14 41 68 18 47 94 94 99 77 13 32 100 48 51 68 99 38 16 81 92 68 44 
12 97 25 67 63 31 72 58 52 40  4 21 48 72 83 84 14 71 69 92 32 45 14 63 36 85 10 57 96  0 25 23  4 71 48 50 74 68 77  6 44 30 99  1 18 56 66 55 89 29 48 13 12 56 45 75 87 81 74 93 
79 78 67 44 93 82 18 68 20 59  3 52 73 100 45 74  1 61 93 32 91 87 89 56 55 20 12 48 73 25  0 75 22 80 88 23 93 46 92 56 57 20 51 23 34 78 20 99 27 46 17 49 90 74 99 88 15  3 13  5 
77 70 13 37 16 77 42 69 21 94 31 28  7 15 89 10 68 76 16 36 11 93 81 49 99 11 79 73 32 23 75  0 60 54 43  5 70 39 33 16 29 16 53 74 66 38 53 93 41 43 85 17 90 47 72 84 69 10 85 80 
 4 10 70 74 60 89 96 50 73 49  3  2 84 27 55 53 55  3 37 42 11  2 19 72 61 23 57 52  5  4 22 60  0 94 37 49 12 25 94 24  8 65 24 12 44 65 58 10 31 75 78 71 64 19  3 88 45 85 15  1 
27 51 75 12 52 47 43 47 38 75 40 96 93 15  7 46 51 86 61 94 33 35 42 58 100 80 93 26 60 71 80 54 94  0 34 80 31 79 65 81 60  2 60 54 14 43 73 73 64 37 64 41 55 54 49 31  9 36 14 72 
65 44 71 78  2 58 57  5 31 79 44 34 27 60 16 26 45 96 16 71 93 63 74 97 72 95 27 67 34 48 88 43 37 34  0 63 73 70 73 40  7 91 55 23 41 33 81 44 64 47 59 87 68 69 53  3 56  4 50 22 
73 77 20 21 24 92 77 94 56 61 38 19 98 77 15 79 62 78 64  2 63  6 52 63 59 24 44 27 14 50 23  5 49 80 63  0 19 64 74 26 65 46 31 69 62 54 38  7 34 63 24  9 31 63 66 83 27 64 68 98 
24 13 96 27 100 84 21 14 10 86 95 48 15 40 55 25 58 82 27 88  3 95 49 92 60  9 13 84 20 74 93 70 12 31 73 19  0 57 31 73 89 62 39 72 46 88 37 20 85 84 51  6 20 30 17 17 43 48 100 40 
12 18 63 14 92 29 24 21 82 80 26 98 15 43 29 82 65 42 13 46 10 97  8 94 80 69  3  6 90 68 46 39 25 79 70 64 57  0 57  3 12 23  6 66 93 70 79  6 56 66 88 64 56 40  1 71 44 44 94 78 
52 26 51 12 52 90 95 71 47 54 32 47 80  3 94 94 85 58 26 70 15 100 81 20 31 13 24 45 14 77 92 33 94 65 73 74 31 57  0 43 79  5  5 38 40  8  6 63 83 26 93 20 44 55 88 54 19 51 29 46 
88 76 65 60 59  9 98 74 73 84 31 12 64 41 97 53 56  5 80 82 63 54 34 97 95 29 38 28 41  6 56 16 24 81 40 26 73  3 43  0 78 35 84 67 51 42  9 77 41 21 49 42 91 20  2 56 46 92 53 75 
17 33 30 70 48 23  9 97 54 42 81 92 59 25 20  5  8 92 70 61 78 31 37  9 97 13 68 99 68 44 57 29  8 60  7 65 89 12 79 78  0 62 88 13 23 82 14 64 46 19 73 16 77 34 81 95  5 93  6 92 
12 35 62  1 99 70 29 77 50 84 72  5 22 63 50 63 98  2 30 71 13  3 62 32 39 74 44 82 18 30 20 16 65  2 91 46 62 23  5 35 62  0 42 79 83 58 65 53 59 30 20 25 53 76 18 19 34 58 87 58 
65  2 23  4 34 19  5 31 72 76 28 42 90 30 100 44 93 23 82 10 32 49 52 31 75 95 82 86 47 99 51 53 24 60 55 31 39  6  5 84 88 42  0 40 72  3  9 66 95 53 67 81  9 54  6 69 22 57 100 87 
22 41 92 61 97 45 66 99 83 68 79 71 33 86  8 30 77 26 80 26 77 74 48 56  2 13 12 60 94  1 23 74 12 54 23 69 72 66 38 67 13 79 40  0 72 27 16 26 70 93 56 35 52 99  3 83 36 76 78 34 
33 26 58 76 38 21 35 85 49 69 18 76 40 97 11 40 63 39 82 22 40  4 26 100 48 66 34 27 94 18 34 66 44 14 41 62 46 93 40 51 23 83 72 72  0 67 73 48 56 28 19 10 96  2 67 49 46 64 22 86 
78 78 50 76  7 28 44 54 62 34 12 26 74 65 92 97 69 16  2 30 69 26 41 17 57 56 53 15 99 56 78 38 65 43 33 54 88 70  8 42 82 58  3 27 67  0 59 95 96  5 59 79 12 91 24 81 39 30 41 48 
15 75 58 28 98 11 29 40 27 87 33  7 64 25 65  4  2 35 93 69 18 30 33 16 11 24 99 81 77 66 20 53 58 73 81 38 37 79  6  9 14 65  9 16 73 59  0 17 26  6 28 39 10 21 56 86 45 60 48 46 
69 32 69 70 92 79  4 20 47 15 73 13 64 12 87 80 55 53 70 40 64 51 95  6 58 27 72 14 13 55 99 93 10 73 44  7 20  6 63 77 64 53 66 26 48 95 17  0 99  5  2 93 10 55 10 18 32 61 78 62 
53 67 91 40 66 78 55 91 82 67 15 83 32 97 23 56 49 45 70 97 84 14 58 31 37 18 29 92 32 89 27 41 31 64 64 34 85 56 83 41 46 59 95 70 56 96 26 99  0 60 100 28 71 79 27 71 78 15 13 42 
52 39 79 51 63  5 10 27 56 23 50 91 44 13 21 43 36 11 44 33 32 11 33 31 77 47 82 74 100 29 46 43 75 37 47 63 84 66 26 21 19 30 53 93 28  5  6  5 60  0 67  8 74 67 39 99 31 46 63 61 
89 86 86 36 32 99 15 94 98 60  5 74 16 72 91 93 13 91 17 79 13 14 32 94 15 82 80 84 48 48 17 85 78 64 59 24 51 88 93 49 73 20 67 56 19 59 28  2 100 67  0 17 52 35 72 56 49 84 50 26 
32 95 71  6 10 66 56 46 10 75 47  9 23  5 65 61 64 74 17 38 60 22 37 51 90 40 10 56 51 13 49 17 71 41 87  9  6 64 20 42 16 25 81 35 10 79 39 93 28  8 17  0 25 45 96 94 54 23 46 32 
100 93 10 39 30 10 37 64 54 58 80  8 83 24 59 38 87 87 96 35 95 26  1  9 66 35 27 54 68 12 90 90 64 55 68 31 20 56 44 91 77 53  9 52 96 12 10 10 71 74 52 25  0 16 10 17 25 65 80 45 
12 21 62 50 61 81 16 100 88 52 42 77 83 81 70 41 95 92 71 26 74 75 79 58 25  3 33 70 99 56 74 47 19 54 69 63 30 40 55 20 34 76 54 99  2 91 21 55 79 67 35 45 16  0 11 45 80 18 83 76 
47 44 34 59 38 45 67 89 28 70 83 82 47 51 74 81 89 34 64 41 33 59 67 40 36 75 84 15 38 45 99 72  3 49 53 66 17  1 88  2 81 18  6  3 67 24 56 10 27 39 72 96 10 11  0 32  6  9 22 70 
25 53 59 84 42 28 22 92 39  7 10 11 68 39 52  5 60 69 35 32 50 100 81 73 15 37 96 59 16 75 88 84 88 31  3 83 17 71 54 56 95 19 69 83 49 81 86 18 71 99 56 94 17 45 32  0 67 67 36 10 
15 20 38 40 77 53 86 99 52 41 14 95 20 30 70 74 26 93 58 29 32 21 66 62 24 72 53 58 81 87 15 69 45  9 56 27 43 44 19 46  5 34 22 36 46 39 45 32 78 31 49 54 25 80  6 67  0 28 55 58 
32 37 28 51 10 55 70 50 26  4 99 99 28 13  6  4 37 73 86 47 15 75 72 23 18 58 61 57 92 81  3 10 85 36  4 64 48 44 51 92 93 58 57 76 64 30 60 61 15 46 84 23 65 18  9 67 28  0 81 25 
51 66 67 60 60 53 47  1 30 56 36 70 65 47 65 20 78 51 70 58 71 45 21 91 80  1 14 81 68 74 13 85 15 14 50 68 100 94 29 53  6 87 100 78 22 41 48 78 13 63 50 46 80 83 22 36 55 81  0  9 
48 77 65 38  3 50 74 90 74 94 27 48 37 58 96 65 36 62 64 82 68 66 93 90 91 25 100 91 44 93  5 80  1 72 22 98 40 78 46 75 92 58 87 34 86 48 46 62 42 61 26 32 45 76 70 10 58 25  9  0 

 0 45 61 82 66 100 57 42 87 32 18 25 67 30 16 40 39 32 53 62 57 40 46 91 82 27 78 11 33  2 39 61 49  5 32 27 32  8  5 72 50  6 71 35 60 33 30 53 100 75 32 52 61 58 48  8 35 75 38 84 
45  0 51 39 26 90 82 48 31 34 89 32 74 50 91 70 37 23 22 89 17 16  5 39 59 69 68 63 65 54 42 55 72 67 13 46 33 46 57 94 29 41  6 16 20 45 59 63 42 23 59 82 52  8 84 55 15  8 97 72 
61 51  0 84 11 75 57 18 75 63 69 17  5 45 43 60 90 43 88 48  6 63 60 64 80 71 12 28 100  8 99 18 32 75 24 21 82 78 45 62  4 57 86 78 97 41 33 90 33 51 98 71 43 61 39  2 100  5 67 58 
82 39 84  0  4 27 48  8 96 95 94 49 43 47 41 62 65 53  8 46 23 72 22 79 13 35  2 36 44  7  8 52 65  5 73 68 39 27 15 75 92 45 23  5 99 20  6 89 16 16 67  4 85 70 33 99 30 67 43 38 
66 26 11  4  0 89 10 88 65 79 49  2 69 60 36 71 99  9 30 53 78 95 85 70 85 11 31 76 89 17 96 55  2 74 43  7 97 80 70 88 38 79 17 98 51 13 99 53 18 77 13 30 99  2 62 80 52  9  7 17 
100 90 75 27 89  0 32 72 58 10 87 32 33 60 82 71 24 45 23 70 94 71 79 34 17 79 47 79 64 43 57 20 90 98 76 89 98 72 87 58 28 65  7 24 62 72 32 66 55 41 94 34 22 66  2 52 77 59 65 51 
57 82 57 48 10 32  0 51 28 48 87 45 78 88 71 33 27 28 65 29 29 69 87 66 99 82 58 13  9 52  6 34 96 64 37 90 88 10 87 91 84 59 33 53 67 71 55 48 34 43 58 60 40 57 75  2 70 92 74 90 
42 48 18  8 88 72 51  0 75 10 99 34 57  6 28 30 95 54 68 58 24 30 49 56 44 16 19 92 35 85 43 75 92 58 42 69 84 23 50  2 60 65 24 78 85 11 18 47 34  5 63 37 77 96 45 83 67 62  7 75 
87 31 75 96 65 58 28 75  0 36 55 71 34 48 41 50 32 45 64 54  8 65 19  1 46 73 60 36 68 36 26 23 91 55 67 23 61 94 29 56 75 42 45 88 60 26 22 18 25 39 81 52 11 75 10 66 76 65 49 98 
32 34 63 95 79 10 48 10 36  0 53 33 86 35 43 97 73 75 24 36 90 23 62 21 67 64 42 64 79  7 38 76 65 29 60 98 100 63 25 65  3 89 80 83 94 74 19 60 81 53 57 46 55 18 84  4  8 61 81 85 
18 89 69 94 49 87 87 99 55 53  0 39 18 80 80 69 93 44 13 40 91 25 28 97 56 31 46 57 37 58 12 28 31 62 19 88 56 91 34 55 52 70 35 70 57 32 32 98 56 54 44 83 13  6 39 41 18 49  2 44 
25 32 17 49  2 32 45 34 71 33 39  0 44 27 42 58 93 25 90 22 65 88 34 75 30 99 41 35 37 66 11 21 39 66 13 84 15 46 51 51 69 14 54  6 84 14  9 37 70 51 58 87 18 62 79 32 98 71 17 49 
67 74  5 43 69 33 78 57 34 86 18 44  0 11 17 49 57 23 84 51 84  7 49 56 11 42  3 21 63 61 94  6 80 93 43 46 28 32 76 87 65 39 98 38 30 50 83  5 35 63 29 35 45 60  2 97 17 33 62 87 
30 50 45 47 60 60 88  6 48 35 80 27 11  0 80 94 46 73 19 72 14 40 45 33 76 77 71 57 40  1 87 13  9 98 76 19 71 69 23 66 44 25 10 55 17 27  5 13 66 11 70 75 19 16 57 55  8 60 26 96 
16 91 43 41 36 82 71 28 41 43 80 42 17 80  0  8 50 17 45 88 13 66 84 44 18 96 30 36 38 73 53 71 99  9 16 30 91 28 73 77 25 50 89 34 30 14 39 73 37 68 81 71 58 71 30 23 53 57 36 96 
40 70 60 62 71 71 33 30 50 97 69 58 49 94  8  0 28 92 40 31 65 31 32 83 33 14  1 60 49 83 40 22 67 13 59 66 61 100 40 59 16 79  5 20 30 68 14 66 44 32 79 33 40 69  5  3 17 52 19 61 
39 37 90 65 99 24 27 95 32 73 93 93 57 46 50 28  0 33 22 17 12 49 50 46 31 62 67 56 26 54  4 69  9 97 27 59 52 58 70 82  2 59 55 99 79 54  3 21 73  9 17 45 97 96 62 39  9 59 93 61 
32 23 43 53  9 45 28 54 45 75 44 25 23 73 17 92 33  0 90  8 23 63 85 25 91 38 60 70 32 80 81 89 14 91 62 23 30 30 37  1 100 45  2 64 54  6 40 44 24 61 72 94 63 83 82 64 84 64 71 48 
53 22 88  8 30 23 65 68 64 24 13 90 84 19 45 40 22 90  0 43 51 46  5 81 15 92 43 62 65 65 74 93 81 50 38 40 31 48 45 81 35 89 32 80 65  8 92  6 84 38 35 42 51 48 18 69 11 87 66 16 
62 89 48 46 53 70 29 58 54 36 40 22 51 72 88 31 17  8 43  0 75 67 85 95 35 99 15 37 28 86 34 76 44 67 100 55 98 42 79 91 57 44 48 22  4 39 46 80 72 47 98 74  6 16 11 24 20 14 31 50 
57 17  6 23 78 94 29 24  8 90 91 65 84 14 13 65 12 23 51 75  0 20 35 24 41 79 65 66 49 28 92 67 66 17 56 25 24 37 14 28 20 72 33 76  1 84 91 65 21 29 38 33 91 93 15 59 47  1 88 69 
40 16 63 72 95 71 69 30 65 23 25 88  7 40 66 31 49 63 46 67 20  0  8 48 52 49 46 14 79 34 74 54 12 12 10 52 69 36 23 54 17 29 18 53 35 28 100  8 39  2 73 68  1 38 47 55 44 69  8 44 
46  5 60 22 85 79 87 49 19 62 28 34 49 45 84 32 50 85  5 85 35  8  0 100 17 37 89 63 53 21 89 89 69 44 91 64 75 18 79 29 29 86 92 69 78 37 23 56  8 35 45 67 22 50 67 83  3 42 26 80 
91 39 64 79 70 34 66 56  1 21 97 75 56 33 44 83 46 25 81 95 24 48 100  0 60 24 56  4 70 92 14  9 10  4 95 51 69 38  2 88 60 33 45 94 85 57 10 54 77 55 78 49 59 27 32 97 50  4 97 17 
82 59 80 13 85 17 99 44 46 67 56 30 11 76 18 33 31 91 15 35 41 52 17 60  0 51 82 61  6 60 87 93 65  6 76 80 36 83  1 83 38 46 82 14 29 73  4 94 92 70 24 29 44 66 28 53 21 29 90 67 
27 69 71 35 11 79 82 16 73 64 31 99 42 77 96 14 62 38 92 99 79 49 37 24 51  0 13 21 14 65  2  1 68 22 41 80  8 37 59 74 26 94 76 54 97 33 61 19 57 83 63 19 77 43 70 49 84  6 39 79 
78 68 12  2 31 47 58 19 60 42 46 41  3 71 30  1 67 60 43 15 65 46 89 56 82 13  0 64  8 41 39 63 62 71 35 79  3 28 42 66 63 37 12 24  6 44 76 76 13 10 26 18  3 13 85 73 89 70 55 89 
11 63 28 36 76 79 13 92 36 64 57 35 21 57 36 60 56 70 62 37 66 14 63  4 61 21 64  0 48 29 84 73 43 28 72 10 55 28 58 32 58 87 51 18 30 60 37 35 68 84 84  1 18 90 12 11 27 59 93 81 
33 65 100 44 89 64  9 35 68 79 37 37 63 40 38 49 26 32 65 28 49 79 53 70  6 14  8 48  0 85 66 28 30 57 80 45 15 57  2 71 70 36 90 14 56 71 38 79 72 48 60 27 38 59 88  5 85 83 69 69 
 2 54  8  7 17 43 52 85 36  7 58 66 61  1 73 83 54 80 65 86 28 34 21 92 60 65 41 29 85  0 62 71 20 44 35 67 86 70 63 22  8 79 47 52 72 11 88 42 100 56 89 47 49 58 16 15 50  6 73 12 
39 42 99  8 96 57  6 43 26 38 12 11 94 87 53 40  4 81 74 34 92 74 89 14 87  2 39 84 66 62  0 59 37 88 45  2 51 64 81 86 67 24 96 65 49 85 37 62 18 21 36 88 51 47 70 13 46 66 61 28 
61 55 18 52 55 20 34 75 23 76 28 21  6 13 71 22 69 89 93 76 67 54 89  9 93  1 63 73 28 71 59  0 66 68 81 69 69 13 23 42 33 14 85 72 20  8 35 69 68 76 89 17 85  5 18 98 35 16 38 60 
49 72 32 65  2 90 96 92 91 65 31 39 80  9 99 67  9 14 81 44 66 12 69 10 65 68 62 43 30 20 37 66  0 88 67 35 41 56 55 50 70 82 43 45 93 18  9 55 41 75 56 33 31 15 41 73 40 40 78 11 
 5 67 75  5 74 98 64 58 55 29 62 66 93 98  9 13 97 91 50 67 17 12 44  4  6 22 71 28 57 44 88 68 88  0 20 64 44 28 44 49 90  4 39 60 47 60 42 56 43  7 76 64 40 89 72 54 27 23 43 59 
32 13 24 73 43 76 37 42 67 60 19 13 43 76 16 59 27 62 38 100 56 10 91 95 76 41 35 72 80 35 45 81 67 20  0 51 19 74 55 83 22 78 29  1 92 78 50  5 43 32 72 65 54 61 81 47 89 16  7 25 
27 46 21 68  7 89 90 69 23 98 88 84 46 19 30 66 59 23 40 55 25 52 64 51 80 80 79 10 45 67  2 69 35 64 51  0 46 91 35 91 84 38  2 43 76 81 59 31 57 84 28 24 84 89  6 49 65 61 36 55 
32 33 82 39 97 98 88 84 61 100 56 15 28 71 91 61 52 30 31 98 24 69 75 69 36  8  3 55 15 86 51 69 41 44 19 46  0 27 25 67 23 18 50 66 60 51 55 81 88 60 68 36 24 36 54 95 82 94 38 27 
 8 46 78 27 80 72 10 23 94 63 91 46 32 69 28 100 58 30 48 42 37 36 18 38 83 37 28 28 57 70 64 13 56 28 74 91 27  0 78 43  7 11 51 64 13 65 25 45 42 37 80  6 22 69 16 57 18 41 45 29 
 5 57 45 15 70 87 87 50 29 25 34 51 76 23 73 40 70 37 45 79 14 23 79  2  1 59 42 58  2 63 81 23 55 44 55 35 25 78  0 66 44 48  2 18  8 23 15 50 78  1 23 51 74 98 66 80 70 85 24 22 
72 94 62 75 88 58 91  2 56 65 55 51 87 66 77 59 82  1 81 91 28 54 29 88 83 74 66 32 71 22 86 42 50 49 83 91 67 43 66  0 47 25 85 50 50 67 20 45 44 46 43 46 23 29 91 55  9 55 73 51 
50 29  4 92 38 28 84 60 75  3 52 69 65 44 25 16  2 100 35 57 20 17 29 60 38 26 63 58 70  8 67 33 70 90 22 84 23  7 44 47  0 34 68 39  9 53 36 23 15  8 12 24 51 91 56 73 11 90  4 66 
 6 41 57 45 79 65 59 65 42 89 70 14 39 25 50 79 59 45 89 44 72 29 86 33 46 94 37 87 36 79 24 14 82  4 78 38 18 11 48 25 34  0 20 89 59 55 51 70 37 66 36 21 80 98 24 50 18 11 75 12 
71  6 86 23 17  7 33 24 45 80 35 54 98 10 89  5 55  2 32 48 33 18 92 45 82 76 12 51 90 47 96 85 43 39 29  2 50 51  2 85 68 20  0 50 55 45 32  2 62 62 37 40 36 65 59 78 38 48 96 92 
35 16 78  5 98 24 53 78 88 83 70  6 38 55 34 20 99 64 80 22 76 53 69 94 14 54 24 18 14 52 65 72 45 60  1 43 66 64 18 50 39 89 50  0 88 45 31 32 74 81 51 65 83  3 43 82 71 90 55  8 
60 20 97 99 51 62 67 85 60 94 57 84 30 17 30 30 79 54 65  4  1 35 78 85 29 97  6 30 56 72 49 20 93 47 92 76 60 13  8 50  9 59 55 88  0 32 31 96 92 46 19 14 56  7 38 45 27 71 14 54 
33 45 41 20 13 72 71 11 26 74 32 14 50 27 14 68 54  6  8 39 84 28 37 57 73 33 44 60 71 11 85  8 18 60 78 81 51 65 23 67 53 55 45 45 32  0 61 50 75 19 12 76 21 97 66 22 11 60 49 37 
30 59 33  6 99 32 55 18 22 19 32  9 83  5 39 14  3 40 92 46 91 100 23 10  4 61 76 37 38 88 37 35  9 42 50 59 55 25 15 20 36 51 32 31 31 61  0  5 93 55 15 79 29 51 12 52 41 43  4 64 
53 63 90 89 53 66 48 47 18 60 98 37  5 13 73 66 21 44  6 80 65  8 56 54 94 19 76 35 79 42 62 69 55 56  5 31 81 45 50 45 23 70  2 32 96 50  5  0 68 41 80 86 57 84 19 49 12 89 54 89 
100 42 33 16 18 55 34 34 25 81 56 70 35 66 37 44 73 24 84 72 21 39  8 77 92 57 13 68 72 100 18 68 41 43 43 57 88 42 78 44 15 37 62 74 92 75 93 68  0 70 92 26 90 94 10 33 96  2 15 61 
75 23 51 16 77 41 43  5 39 53 54 51 63 11 68 32  9 61 38 47 29  2 35 55 70 83 10 84 48 56 21 76 75  7 32 84 60 37  1 46  8 66 62 81 46 19 55 41 70  0 44 60 99 38 98 80 55 21 53 32 
32 59 98 67 13 94 58 63 81 57 44 58 29 70 81 79 17 72 35 98 38 73 45 78 24 63 26 84 60 89 36 89 56 76 72 28 68 80 23 43 12 36 37 51 19 12 15 80 92 44  0 51 74 40 51 93 92 68 53 24 
52 82 71  4 30 34 60 37 52 46 83 87 35 75 71 33 45 94 42 74 33 68 67 49 29 19 18  1 27 47 88 17 33 64 65 24 36  6 51 46 24 21 40 65 14 76 79 86 26 60 51  0 48 66 83 69 54  9 80 16 
61 52 43 85 99 22 40 77 11 55 13 18 45 19 58 40 97 63 51  6 91  1 22 59 44 77  3 18 38 49 51 85 31 40 54 84 24 22 74 23 51 80 36 83 56 21 29 57 90 99 74 48  0 23 25 45 88 34 73 62 
58  8 61 70  2 66 57 96 75 18  6 62 60 16 71 69 96 83 48 16 93 38 50 27 66 43 13 90 59 58 47  5 15 89 61 89 36 69 98 29 91 98 65  3  7 97 51 84 94 38 40 66 23  0 94 95 89 42 32 80 
48 84 39 33 62  2 75 45 10 84 39 79  2 57 30  5 62 82 18 11 15 47 67 32 28 70 85 12 88 16 70 18 41 72 81  6 54 16 66 91 56 24 59 43 38 66 12 19 10 98 51 83 25 94  0 49 45 65 24 26 
 8 55  2 99 80 52  2 83 66  4 41 32 97 55 23  3 39 64 69 24 59 55 83 97 53 49 73 11  5 15 13 98 73 54 47 49 95 57 80 55 73 50 78 82 45 22 52 49 33 80 93 69 45 95 49  0 26 46 59 76 
35 15 100 30 52 77 70 67 76  8 18 98 17  8 53 17  9 84 11 20 47 44  3 50 21 84 89 27 85 50 46 35 40 27 89 65 82 18 70  9 11 18 38 71 27 11 41 12 96 55 92 54 88 89 45 26  0 27 50 80 
75  8  5 67  9 59 92 62 65 61 49 71 33 60 57 52 59 64 87 14  1 69 42  4 29  6 70 59 83  6 66 16 40 23 16 61 94 41 85 55 90 11 48 90 71 60 43 89  2 21 68  9 34 42 65 46 27  0 93 49 
38 97 67 43  7 65 74  7 49 81  2 17 62 26 36 19 93 71 66 31 88  8 26 97 90 39 55 93 69 73 61 38 78 43  7 36 38 45 24 73  4 75 96 55 14 49  4 54 15 53 53 80 73 32 24 59 50 93  0 84 
84 72 58 38 17 51 90 75 98 85 44 49 87 96 96 61 61 48 16 50 69 44 80 17 67 79 89 81 69 12 28 60 11 59 25 55 27 29 22 51 66 12 92  8 54 37 64 89 61 32 24 16 62 80 26 76 80 49 84  0 
