facilities = 60 objectives = 3 max_distances = 190 max flows = 99817 overlap =  1.00 seed = 23453464 correlation1 = -0.500 correlation2 = -0.500 A = -5 B = 5 M = 0 K = 1 m = 100
 0 69 97 18 30 71 113 76 35 97 38 19 72  1 101 31 41 92 29 76 52 90 34 50 72 104 23 75 34 48 32 56 72 29 77 80 88 83 44 45 62 54 70 85 20 52 30 71 79 47 28 92 29 50 38 68 61 28  4 76 
69  0 31 60 50  2 101 12 43 30 77 86 54 68 60 39 27 144 83 128 115 21 47 30  8 50 61 72 38 68 91 35  9 62 71 28 54 14 41 33 18 19 87 86 50 28 40 12 94 99 49 132 49 24 103 18 78 41 66 26 
97 31  0 84 73 29 95 34 65 30 97 112 57 96 44 69 57 162 113 146 145 19 69 60 25 59 85 76 63 84 114 49 25 93 98 48 74 21 60 54 35 43 96 88 80 47 67 25 101 120 73 145 72 47 133 45 89 69 94 26 
18 60 84  0 12 62 94 69 19 89 25 27 54 18 83 29 34 88 47 72 71 81 16 49 61 102  5 57 22 31 31 39 61 41 86 77 90 74 27 30 49 42 53 67 23 37 20 59 62 42 11 83 12 37 57 63 44 21 14 61 
30 50 73 12  0 52 85 61  8 81 27 39 43 29 71 28 28 94 57 78 82 71  4 46 51 96 11 48 14 26 41 27 51 47 87 71 87 64 15 19 38 32 49 60 27 26 16 49 57 49  3 85  1 27 68 57 39 18 25 49 
71  2 29 62 52  0 101 12 44 28 79 88 54 70 59 42 30 146 85 129 117 19 49 32  7 49 63 73 40 70 93 36  8 64 72 28 54 12 42 34 19 20 88 87 53 29 42 11 94 101 51 134 51 25 105 19 79 43 68 25 
113 101 95 94 85 101  0 114 85 123 80 112 48 113 51 110 102 110 142 101 163 109 83 120 94 149 90 37 93 65 101 71 94 132 166 130 155 106 77 83 84 90 49 28 112 81 98 90 43 92 88 84 86 88 149 118 54 101 108 76 
76 12 34 69 61 12 114  0 53 21 88 94 67 75 70 45 35 155 85 139 117 17 58 29 19 37 71 85 47 80 100 48 20 63 63 16 43 13 53 44 31 31 99 99 56 40 48 23 106 110 59 144 60 35 107 11 91 49 74 37 
35 43 65 19  8 44 85 53  0 73 34 46 39 34 65 25 22 101 60 85 87 63  4 41 43 89 19 48  8 30 49 21 43 47 84 64 82 56  9 11 30 24 52 60 27 18 13 41 60 56  7 92  7 19 74 50 42 16 31 42 
97 30 30 89 81 28 123 21 73  0 108 115 79 96 74 66 56 175 105 158 137 13 77 49 32 28 91 99 67 98 121 64 33 83 74 24 47 18 71 63 47 49 115 112 77 58 69 36 122 130 79 162 80 54 127 30 107 70 95 47 
38 77 97 25 27 79 80 88 34 108  0 32 51 38 83 53 56 67 67 50 83 97 30 73 76 124 20 45 42 17 22 48 76 65 111 99 114 90 37 44 62 58 32 51 48 50 43 73 41 23 30 58 29 53 69 85 25 44 34 71 
19 86 112 27 39 88 112 94 46 115 32  0 78 20 109 49 59 73 39 58 51 107 43 70 88 123 28 76 48 47 15 67 88 47 96 100 107 100 54 57 76 69 64 83 39 65 46 86 73 31 39 77 39 64 37 86 57 45 20 88 
72 54 57 54 43 54 48 67 39 79 51 78  0 72 31 62 54 109 99 94 125 66 39 71 48 104 51 19 46 34 73 23 47 86 117 83 107 61 30 35 36 41 40 32 67 32 51 44 43 72 45 89 43 39 111 70 35 54 68 32 
 1 68 96 18 29 70 113 75 34 96 38 20 72  0 100 30 40 92 29 77 53 89 33 50 71 103 22 75 33 48 33 55 71 28 77 79 87 82 43 44 61 53 70 85 19 51 29 70 79 48 27 92 29 49 39 67 61 27  4 75 
101 60 44 83 71 59 51 70 65 74 83 109 31 100  0 84 72 138 125 124 153 61 67 86 52 102 80 45 69 66 105 45 51 109 130 86 113 59 56 57 47 56 68 52 91 51 75 48 69 104 72 117 71 57 140 78 65 78 96 34 
31 39 69 29 28 42 110 45 25 66 53 49 62 30 84  0 12 117 44 101 75 60 28 21 44 74 33 73 17 54 59 40 44 25 59 50 61 53 33 27 38 29 77 86 11 32 12 45 85 71 25 112 26 26 63 37 67  9 29 53 
41 27 57 34 28 30 102 35 22 56 56 59 54 40 72 12  0 122 56 105 88 48 26 19 31 67 37 67 14 52 65 31 32 37 64 43 59 41 26 19 25 16 74 80 23 22 13 32 82 76 26 114 27 15 76 29 64 14 39 40 
92 144 162 88 94 146 110 155 101 175 67 73 109 92 138 117 122  0 111 16 108 164 97 138 143 190 85 93 108 78 59 113 143 120 169 165 178 157 104 111 129 125 70 89 109 117 109 140 71 46 96 27 95 120 99 151 74 109 91 135 
29 83 113 47 57 85 142 85 60 105 67 39 99 29 125 44 56 111  0 97 32 102 60 56 88 105 51 104 55 77 55 80 88 21 63 84 82 96 69 68 82 72 99 114 34 74 50 89 108 71 54 117 56 70 23 75 90 47 33 96 
76 128 146 72 78 129 101 139 85 158 50 58 94 77 124 101 105 16 97  0 97 147 80 122 127 173 68 80 92 62 43 97 126 105 154 149 162 141 87 95 113 109 57 77 93 101 92 124 59 29 80 25 79 104 87 135 59 93 75 119 
52 115 145 71 82 117 163 117 87 137 83 51 125 53 153 75 88 108 32 97  0 134 86 88 119 136 74 126 84 97 64 108 120 54 88 116 112 128 97 96 112 103 116 134 65 104 80 120 124 79 80 120 82 100 13 107 108 77 57 127 
90 21 19 81 71 19 109 17 63 13 97 107 66 89 61 60 48 164 102 147 134  0 67 46 20 41 82 85 59 87 112 51 21 81 80 29 55  7 60 52 35 39 103 99 71 46 61 24 109 120 70 150 70 44 123 29 95 62 87 33 
34 47 69 16  4 49 83 58  4 77 30 43 39 33 67 28 26 97 60 80 86 67  0 45 47 93 15 46 12 26 45 23 47 49 88 69 86 60 10 15 34 28 48 58 29 22 16 45 57 52  5 87  4 23 73 54 38 18 29 45 
50 30 60 49 46 32 120 29 41 49 73 70 71 50 86 21 19 138 56 122 88 46 45  0 37 53 53 86 32 71 80 48 38 34 46 30 41 41 46 38 38 31 93 99 30 39 30 39 102 92 43 132 45 32 78 18 84 29 50 52 
72  8 25 61 51  7 94 19 43 32 76 88 48 71 52 44 31 143 88 127 119 20 47 37  0 55 62 67 39 66 92 31  1 68 79 35 61 14 39 32 14 19 83 80 55 25 42  4 89 99 50 130 50 24 107 26 74 44 69 18 
104 50 59 102 96 49 149 37 89 28 124 123 104 103 102 74 67 190 105 173 136 41 93 53 55  0 105 122 81 117 133 85 56 84 58 24 28 43 89 81 68 68 137 136 84 77 81 60 144 144 93 181 94 72 128 38 128 81 103 73 
23 61 85  5 11 63 90 71 19 91 20 28 51 22 80 33 37 85 51 68 74 82 15 53 62 105  0 52 23 26 30 38 62 46 91 80 94 75 26 30 49 43 48 62 28 37 23 60 57 39 12 79 12 38 60 66 39 24 18 60 
75 72 76 57 48 73 37 85 48 99 45 76 19 75 45 73 67 93 104 80 126 85 46 86 67 122 52  0 56 28 67 38 66 95 131 100 123 80 40 47 54 57 23 13 75 47 61 62 25 62 51 72 49 54 112 87 21 64 71 52 
34 38 63 22 14 40 93 47  8 67 42 48 46 33 69 17 14 108 55 92 84 59 12 32 39 81 23 56  0 38 53 25 39 40 75 57 73 52 16 12 28 20 61 69 21 19  5 38 69 62 12 100 13 16 71 42 51  8 30 42 
48 68 84 31 26 70 65 80 30 98 17 47 34 48 66 54 52 78 77 62 97 87 26 71 66 117 26 28 38  0 39 35 65 71 113 93 112 80 28 36 52 49 23 37 52 40 42 62 32 38 29 64 27 45 84 79 13 44 44 57 
32 91 114 31 41 93 101 100 49 121 22 15 73 33 105 59 65 59 55 43 64 112 45 80 92 133 30 67 53 39  0 66 92 61 110 108 119 105 54 60 79 73 52 72 50 67 52 90 60 16 42 61 42 68 52 94 47 52 31 89 
56 35 49 39 27 36 71 48 21 64 48 67 23 55 45 40 31 113 80 97 108 51 23 48 31 85 38 38 25 35 66  0 30 65 94 62 85 45 12 13 17 18 52 52 46  9 30 27 58 71 28 98 27 16 95 49 43 33 52 23 
72  9 25 61 51  8 94 20 43 33 76 88 47 71 51 44 32 143 88 126 120 21 47 38  1 56 62 66 39 65 92 30  0 68 80 36 62 14 39 32 13 19 82 80 55 25 42  3 88 99 50 129 50 24 108 27 74 44 69 17 
29 62 93 41 47 64 132 63 47 83 65 47 86 28 109 25 37 120 21 105 54 81 49 34 68 84 46 95 40 71 61 65 68  0 48 62 63 74 56 52 63 54 94 107 20 58 35 69 103 77 44 121 46 52 44 53 85 32 31 78 
77 71 98 86 87 72 166 63 84 74 111 96 117 77 130 59 64 169 63 154 88 80 88 46 79 58 91 131 75 113 110 94 80 48  0 51 30 77 90 83 84 77 136 144 62 85 71 83 145 125 84 169 86 78 84 53 126 69 79 96 
80 28 48 77 71 28 130 16 64 24 99 100 83 79 86 50 43 165 84 149 116 29 69 30 35 24 80 100 57 93 108 62 36 62 51  0 27 28 65 57 46 44 113 114 60 54 56 40 121 119 69 157 70 48 107 14 104 56 79 54 
88 54 74 90 87 54 155 43 82 47 114 107 107 87 113 61 59 178 82 162 112 55 86 41 61 28 94 123 73 112 119 85 62 63 30 27  0 55 85 77 70 66 134 137 69 76 71 66 142 132 84 173 86 69 105 36 124 70 88 80 
83 14 21 74 64 12 106 13 56 18 90 100 61 82 59 53 41 157 96 141 128  7 60 41 14 43 75 80 52 80 105 45 14 74 77 28 55  0 53 46 28 32 97 94 64 40 54 18 103 113 63 144 63 37 117 24 89 55 80 29 
44 41 60 27 15 42 77 53  9 71 37 54 30 43 56 33 26 104 69 87 97 60 10 46 39 89 26 40 16 28 54 12 39 56 90 65 85 53  0  8 25 21 48 53 36 13 21 36 56 60 16 91 15 17 83 51 38 24 40 34 
45 33 54 30 19 34 83 44 11 63 44 57 35 44 57 27 19 111 68 95 96 52 15 38 32 81 30 47 12 36 60 13 32 52 83 57 77 46  8  0 19 13 56 61 33  7 17 30 64 67 18 100 18  8 83 43 47 20 41 31 
62 18 35 49 38 19 84 31 30 47 62 76 36 61 47 38 25 129 82 113 112 35 34 38 14 68 49 54 28 52 79 17 13 63 84 46 70 28 25 19  0  9 69 68 47 12 32 11 75 85 37 115 37 12 99 34 60 35 59 15 
54 19 43 42 32 20 90 31 24 49 58 69 41 53 56 29 16 125 72 109 103 39 28 31 19 68 43 57 20 49 73 18 19 54 77 44 66 32 21 13  9  0 69 71 38 10 24 17 76 80 31 113 31  5 90 30 60 26 50 24 
70 87 96 53 49 88 49 99 52 115 32 64 40 70 68 77 74 70 99 57 116 103 48 93 83 137 48 23 61 23 52 52 82 94 136 113 134 97 48 56 69 69  0 21 75 59 64 79  9 43 52 49 50 65 102 99  9 67 66 70 
85 86 88 67 60 87 28 99 60 112 51 83 32 85 52 86 80 89 114 77 134 99 58 99 80 136 62 13 69 37 72 52 80 107 144 114 137 94 53 61 68 71 21  0 87 61 73 76 17 65 63 65 61 68 120 101 25 76 81 65 
20 50 80 23 27 53 112 56 27 77 48 39 67 19 91 11 23 109 34 93 65 71 29 30 55 84 28 75 21 52 50 46 55 20 62 60 69 64 36 33 47 38 75 87  0 40 16 55 84 63 24 106 26 35 52 48 65 13 19 62 
52 28 47 37 26 29 81 40 18 58 50 65 32 51 51 32 22 117 74 101 104 46 22 39 25 77 37 47 19 40 67  9 25 58 85 54 76 40 13  7 12 10 59 61 40  0 24 23 66 73 26 104 25  7 90 40 50 27 48 23 
30 40 67 20 16 42 98 48 13 69 43 46 51 29 75 12 13 109 50 92 80 61 16 30 42 81 23 61  5 42 52 30 42 35 71 56 71 54 21 17 32 24 64 73 16 24  0 41 73 63 13 101 15 20 67 42 55  3 26 47 
71 12 25 59 49 11 90 23 41 36 73 86 44 70 48 45 32 140 89 124 120 24 45 39  4 60 60 62 38 62 90 27  3 69 83 40 66 18 36 30 11 17 79 76 55 23 41  0 85 96 48 126 48 22 108 30 71 43 68 14 
79 94 101 62 57 94 43 106 60 122 41 73 43 79 69 85 82 71 108 59 124 109 57 102 89 144 57 25 69 32 60 58 88 103 145 121 142 103 56 64 75 76  9 17 84 66 73 85  0 50 61 48 59 72 111 107 18 75 75 75 
47 99 120 42 49 101 92 110 56 130 23 31 72 48 104 71 76 46 71 29 79 120 52 92 99 144 39 62 62 38 16 71 99 77 125 119 132 113 60 67 85 80 43 65 63 73 63 96 50  0 50 45 50 75 67 105 41 63 46 94 
28 49 73 11  3 51 88 59  7 79 30 39 45 27 72 25 26 96 54 80 80 70  5 43 50 93 12 51 12 29 42 28 50 44 84 69 84 63 16 18 37 31 52 63 24 26 13 48 61 50  0 88  2 26 67 55 42 15 24 49 
92 132 145 83 85 134 84 144 92 162 58 77 89 92 117 112 114 27 117 25 120 150 87 132 130 181 79 72 100 64 61 98 129 121 169 157 173 144 91 100 115 113 49 65 106 104 101 126 48 45 88  0 87 109 110 142 55 103 90 119 
29 49 72 12  1 51 86 60  7 80 29 39 43 29 71 26 27 95 56 79 82 70  4 45 50 94 12 49 13 27 42 27 50 46 86 70 86 63 15 18 37 31 50 61 26 25 15 48 59 50  2 87  0 26 68 55 40 17 25 49 
50 24 47 37 27 25 88 35 19 54 53 64 39 49 57 26 15 120 70 104 100 44 23 32 24 72 38 54 16 45 68 16 24 52 78 48 69 37 17  8 12  5 65 68 35  7 20 22 72 75 26 109 26  0 87 34 55 22 46 26 
38 103 133 57 68 105 149 107 74 127 69 37 111 39 140 63 76 99 23 87 13 123 73 78 107 128 60 112 71 84 52 95 108 44 84 107 105 117 83 83 99 90 102 120 52 90 67 108 111 67 67 110 68 87  0 97 95 64 43 114 
68 18 45 63 57 19 118 11 50 30 85 86 70 67 78 37 29 151 75 135 107 29 54 18 26 38 66 87 42 79 94 49 27 53 53 14 36 24 51 43 34 30 99 101 48 40 42 30 107 105 55 142 55 34 97  0 90 42 66 44 
61 78 89 44 39 79 54 91 42 107 25 57 35 61 65 67 64 74 90 59 108 95 38 84 74 128 39 21 51 13 47 43 74 85 126 104 124 89 38 47 60 60  9 25 65 50 55 71 18 41 42 55 40 55 95 90  0 57 57 63 
28 41 69 21 18 43 101 49 16 70 44 45 54 27 78  9 14 109 47 93 77 62 18 29 44 81 24 64  8 44 52 33 44 32 69 56 70 55 24 20 35 26 67 76 13 27  3 43 75 63 15 103 17 22 64 42 57  0 25 49 
 4 66 94 14 25 68 108 74 31 95 34 20 68  4 96 29 39 91 33 75 57 87 29 50 69 103 18 71 30 44 31 52 69 31 79 79 88 80 40 41 59 50 66 81 19 48 26 68 75 46 24 90 25 46 43 66 57 25  0 72 
76 26 26 61 49 25 76 37 42 47 71 88 32 75 34 53 40 135 96 119 127 33 45 52 18 73 60 52 42 57 89 23 17 78 96 54 80 29 34 31 15 24 70 65 62 23 47 14 75 94 49 119 49 26 114 44 63 49 72  0 

 0  0 12  0  0 2161  0 5967 89024 129  0 42 393 60880 921 81  0  0 5849 15773 2553 20  0 481  0 7134  0  0 76587 4624 7318 25  0  0 67  0  0  0 58 20  0  3  0  0 29174  0  0  1  0 5844  0  0 2590 38 322  0 540 57 86151  0 
 0  0  0 32136 21316 21742  0  0  0 1023  0 17  0  2  1  1 4639 65717 29791 49154  0 2686 89  0 582 67636 12341 31905  0  0  0  0  0  0  3 68653 37 709  0  0 180  0  0 1054 236  0 17 511  0 72  0 282 3724 59 7063 342  7  1 34245  0 
12  0  0  0  0  0 1248 15013  2  0  0  0  0  5  3  0  5 156  0  0 2282 212  0  0  0  8  0  9  0  0  0 111  0 98 32475  7 387  0  2  0  4  0  2 526  3  0  0  0 18532 148  0  0 58959 37 1739  0 40771  0 152  0 
 0 32136  0  0 2679  0 10580  0 106  0 2448  0 4756  0  0  0 2980  0  0  7 4472  0 26  0  0 2136 52994  1 13945 151  0  1  0 12  0  0 95 27  0  0 4388 3020 2198 143  0 390  0 937  1  0 209  0  3 289  3  0  0 36 762  0 
 0 21316  0 2679  0  1  0  0  0 66773  0 53052 84956  0  0  0 3962  1 125  0  0  2 13  0  0 24393  0  0 422  0  0  0 33141  0  0 29  2  0  0  9  0  0 467 4644 37 154  0  0 19217 96 2320  0  0  0  0  0  2  0 8920 19 
2161 21742  0  0  1  0  0  0  0  0  0 5240  0 6243  7  0  0  0  0  1 56 13 624 206  0  0  0 83309 86285  0  0  0  0 209 178 22 19  0 17614  1  0 26805  0 4729 23  0  0 588  0  0  0 18  2  1  0  0  0  5  0  0 
 0  0 1248 10580  0  0  0  0 1884  0  0  0  0  0 846  0  0 77 86168 14786 604 138 228  0  0  0 159  0  0 69  0  0  0 1665 41 16  2 91  0  0 1342 32  0 216  0 4981 536 1620 3085 197  0 824 205  0 749 56050  0 1780 40684  0 
5967  0 15013  0  0  0  0  0 10150  0 7381  0  3 17674  0 16180  0 919  0  0  0  3  0  0  6 43175 23 339 609  1 114  0  0  0  0 13 58369  0 2925 8932  0  0 13426 17 10  5  0 57 1429 2370 921 158  0  0 24  0  0 78762  3  0 
89024  0  2 106  0  0 1884 10150  0  0 33456  0  0  0  0  0  0  2  0  0 60161 16 15 12  0  4  0  0 80537 42  0  0 109 3267  0  0 50 1175  0 34559  0  0  0  0 40471 76 1223  0  0 25  0  0 5336  0 75  0 38 6749  1  0 
129 1023  0  0 66773  0  0  0  0  0  0 1481 1416 70 21064 178 88443  0  1 16  0 93990 188  0 331  0 69  0 481  0 39 14  0  0 671  0  0  1  0 10  0  0 3556  0  1  2  0 17  0  0  0  0  0 195 25005 73  0 12915  0  0 
 0  0  0 2448  0  0  0 7381 33456  0  0  0  0  0  0  0  0  0 222 4384  0  0  0  0  0  0 2204 11303 14  7  0 547 2204  0  0  0  0 767  0 2823 78259  0  0  0  0 45459  0 78700  0  0 19 35169  0 1014  1  0 97 67 1183 14 
42 17  0  0 53052 5240  0  0  0 1481  0  0  0  0  3  0 172  0 427  0  0 1577  0  0  0 98056 105 1292  0  0  0  7  0 157 11 62439  1 2562  0  8  3 22 12213  0  0 31 86513  0  0 157 39  0 84  0 948 163 1022  0  4 6159 
393  0  0 4756 84956  0  0  3  0 1416  0  0  0  8  0  0 159  4 14  0  0 3728 88119  0  0  0  0  1  0  0  0 15 95874  0  0  0  0 39514 5480  0 185 5459 52  0  0  2 712  1  0  0  6  0  1  7 196  0  0  0  0  0 
60880  2  5  0  0 6243  0 17674  0 70  0  0  8  0 110 64 75831  0 591  0  0  0 71461 2815  0 432  2  0 8497 972  0  0  0 19  0  0 8774 133 4179 678  0 961  4 46 33 83877  0  1 113 5173  0 11830  0  0 81  0 3890 277 12 19137 
921  1  3  0  0  7 846  0  0 21064  0  3  0 110  0 2985  0  0  0  0 189 83 415 153  0  0  0 324 154  0  0 884 3322 768  1 8263  0  1  0  0  1 91 1521 364  2  0  0 8016  0  0 54997 79689 173 179  0 17 6213  0  0  1 
81  1  0  0  0  0  0 16180  0 178  0  0  0 64 2985  0  1 98  0  0  0  0  0  0  0 1463  0  0  3  0 1148  0  0  0  0  0  0  0 35443  0  6  0 2060 1478  0  0 5587  3 92 6918 7170  0  0  0  0  0  0 47319  0 22900 
 0 4639  5 2980 3962  0  0  0  0 88443  0 172 159 75831  0  1  0  1  0 5788 70070  0  0  0  0  0  0  0 1297  0  0  5 837  0 52278  3  0  0  0  0 97533 970  0  0  0 728  0 104 497 22  0 2016 18983 775  0 429  7  0  0  0 
 0 65717 156  0  1  0 77 919  2  0  0  0  4  0  0 98  1  0  0  0  5 63 10 65555 50910 19  0  3  0  0 21  0 71  0 264  1  1 68148 41  0  0  0 63431 15218  0 62056 3363  0 1366 18  0 412 169  0  0  7 14 37851  0  0 
5849 29791  0  0 125  0 86168  0  0  1 222 427 14 591  0  0  0  0  0 476  0  0  0 1132  0 107  0 4003 1372  0  0 5044  0 85 27  0  0 18  0  0  3  0  0  0 37541  2 851  0  0  0  0 61  0 7009  2 57221  0 9054  0 395 
15773 49154  0  7  0  1 14786  0  0 16 4384  0  0  0  0  0 5788  0 476  0 25 90124  0  1 31  0 851  0 40 691  0  0  0  0 11  0 24790  0  0 98 11011  0  0  0  0  0 417  0  0 5223 4826 115  0  0  0 14 22  0  0  0 
2553  0 2282 4472  0 56 604  0 60161  0  0  0  0  0 189  0 70070  5  0 25  0  0  0  0  0 3650 100  0  1  4 523  0  0 234  0  0 13 661  0  3  0 80318 690  0 67 13003  3  0 5545  0 54 2485  0 57 31 108  0  0 151 17024 
20 2686 212  0  2 13 138  3 16 93990  0 1577 3728  0 83  0  0 63  0 90124  0  0 7663  0 540 81552  0 1718 14  0  0 52 281  3  0 30636 4797  0  0 12500 4780  0 5364  0 17  2 7139 646  2  0  0  0 6998 5947  0  0  8  0 3641  0 
 0 89  0 26 13 624 228  0 15 188  0  0 88119 71461 415  0  0 10  0  0  0 7663  0 30162  0 51463  0  0  0  0  0 91  6  0  0  0 7652  0  0 844 95737  0  0 62707  4 26  0  0  4 2001 62  0 1863 17891  0  0  0 226  0 77 
481  0  0  0  0 206  0  0 12  0  0  0  0 2815 153  0  0 65555 1132  1  0  0 30162  0 1830 5374  0 155 18  0  0  0  3 1991 55121  0  0 3100  0  9 5122  3 32  2  1  1 262  0  0 611 20794  0  0 2611 91  0  0 25  5 500 
 0 582  0  0  0  0  0  6  0 331  0  0  0  0  0  0  0 50910  0 31  0 540  0 1830  0 29  0  9  0 12  0 14524  5 113 15757  0 81 1256  2 73  2 54295  0 18260 132  0 40337  0  0 17387  2  0  0  0 6078  0  0  0 11563  0 
7134 67636  8 2136 24393  0  0 43175  4  0  0 98056  0 432  0 1463  0 19 107  0 3650 81552 51463 5374 29  0  0  0 14  0  0 42227  0 6101  0  0  6 1555  0  8  0  0  2  0  0  1 527  1  1 26579 135  0  8  0  0  0 16 1284 102  0 
 0 12341  0 52994  0  0 159 23  0 69 2204 105  0  2  0  0  0  0  0 851 100  0  0  0  0  0  0 220 6594  2 12607  0  0 2333  0  5 52046 92915  0  0  0 27426  0 11 67  0  0  0  0  0  0 392 468  0 10  0  0  0  0 37 
 0 31905  9  1  0 83309  0 339  0  0 11303 1292  1  0 324  0  0  3 4003  0  0 1718  0 155  9  0 220  0 99622 12  0 977 13827  0 45119 562  0  0  0  0  0  0  0 539  2  0 813  0  0 2011  0  0 19  0  7  0 111  0  0 144 
76587  0  0 13945 422 86285  0 609 80537 481 14  0  0 8497 154  3 1297  0 1372 40  1 14  0 18  0 14 6594 99622  0 6484  0  0 40313 497 18964  0 209  0 7860  0  0 3534  0  0  0  0 49  0  0 17 1447 15730 26 19587  0  0 31881  0 11  0 
4624  0  0 151  0  0 69  1 42  0  7  0  0 972  0  0  0  0  0 691  4  0  0  0 12  0  2 12 6484  0 41360 5989  0  1 8910  0 120  0  0  0 367  0 1459  0 96877 5819  1 1454 5204  3  0  0 370  9 29 2064  6 25383  0 4116 
7318  0  0  0  0  0  0 114  0 39  0  0  0  0  0 1148  0 21  0  0 523  0  0  0  0  0 12607  0  0 41360  0  4 440  0  0 23  0 34 333 10  0 66  0 12949 358  2  6  0 43 57276  0 563  4 35760  1  0  0  0 1463 579 
25  0 111  1  0  0  0  0  0 14 547  7 15  0 884  0  5  0 5044  0  0 52 91  0 14524 42227  0 977  0 5989  4  0  0  0  0 29 2694 7665  1 3229  1 1275  0  0  0  0 27174  0  0  0  0  1 7148  2 74470 79348  0  1 960 1170 
 0  0  0  0 33141  0  0  0 109  0 2204  0 95874  0 3322  0 837 71  0  0  0 281  6  3  5  0  0 13827 40313  0 440  0  0  1  0  0  0 1122  0  0  0  0 60400  0  0  0 769 921 49031  0  0  0  0 6250 99 11  8  0  0  0 
 0  0 98 12  0 209 1665  0 3267  0  0 157  0 19 768  0  0  0 85  0 234  3  0 1991 113 6101 2333  0 497  1  0  0  1  0 13  0 34454 4609  0  0  0  0 12  0 20789  0  0  0  0  0  0 1440 3956  0  0 743  0  0  8 25824 
67  3 32475  0  0 178 41  0  0 671  0 11  0  0  1  0 52278 264 27 11  0  0  0 55121 15757  0  0 45119 18964 8910  0  0  0 13  0  0  0 11  0  1  7  2 462 7466 1725  6 22212  0  0  0  0 14424 44 3010  0  0  0  0 89 56 
 0 68653  7  0 29 22 16 13  0  0  0 62439  0  0 8263  0  3  1  0  0  0 30636  0  0  0  0  5 562  0  0 23 29  0  0  0  0 12448  0  1 263  0  0  0  0  0  0  0  0 544  0  0  0  0 83414 43  0  0  1  0 12 
 0 37 387 95  2 19  2 58369 50  0  0  1  0 8774  0  0  0  1  0 24790 13 4797 7652  0 81  6 52046  0 209 120  0 2694  0 34454  0 12448  0  0 51  0  0  0  0  0  0  0  8  0  0  0  0  0  0 109 223  0  0 48  0 979 
 0 709  0 27  0  0 91  0 1175  1 767 2562 39514 133  1  0  0 68148 18  0 661  0  0 3100 1256 1555 92915  0  0  0 34 7665 1122 4609 11  0  0  0  0  0  6  0  0 68 14908  1  0  0 20  1  0  8 265  0 5385 40773  0  1 608  9 
58  0  2  0  0 17614  0 2925  0  0  0  0 5480 4179  0 35443  0 41  0  0  0  0  0  0  2  0  0  0 7860  0 333  1  0  0  0  1 51  0  0  0  0 283  0  0  0 2847  0 52792 158  0  2  6 82661 3208 3626 82028 939  0 13249 11 
20  0  0  0  9  1  0 8932 34559 10 2823  8  0 678  0  0  0  0  0 98  3 12500 844  9 73  8  0  0  0  0 10 3229  0  0  1 263  0  0  0  0  0 285 4195  0  0  0 14847  0  0  0 1679 59  2  0 665 93  0  0  5  0 
 0 180  4 4388  0  0 1342  0  0  0 78259  3 185  0  1  6 97533  0  3 11011  0 4780 95737 5122  2  0  0  0  0 367  0  1  0  0  7  0  0  6  0  0  0 1248 1411  0 16 41 764 3660 2951  0  0  0  0 15  4 109 985 140  0  0 
 3  0  0 3020  0 26805 32  0  0  0  0 22 5459 961 91  0 970  0  0  0 80318  0  0  3 54295  0 27426  0 3534  0 66 1275  0  0  2  0  0  0 283 285 1248  0  0  0  1  2 14  0  0 30 739  0  0 14  0 29517  0  0  0 57064 
 0  0  2 2198 467  0  0 13426  0 3556  0 12213 52  4 1521 2060  0 63431  0  0 690 5364  0 32  0  2  0  0  0 1459  0  0 60400 12 462  0  0  0  0 4195 1411  0  0 3892 6667  0 554 6138  1 32062 13130 1260 99 20673  0  7 188  7  0  4 
 0 1054 526 143 4644 4729 216 17  0  0  0  0  0 46 364 1478  0 15218  0  0  0  0 62707  2 18260  0 11 539  0  0 12949  0  0  0 7466  0  0 68  0  0  0  0 3892  0  7  0 1563  0  1 5885  0 15  0  0  0  0 10622  0  0  5 
29174 236  3  0 37 23  0 10 40471  1  0  0  0 33  2  0  0  0 37541  0 67 17  4  1 132  0 67  2  0 96877 358  0  0 20789 1725  0  0 14908  0  0 16  1 6667  7  0  0 97292 2672 907 1322 9325 2570  0 1468  0 20251  2 14  0  0 
 0  0  0 390 154  0 4981  5 76  2 45459 31  2 83877  0  0 728 62056  2  0 13003  2 26  1  0  1  0  0  0 5819  2  0  0  0  6  0  0  1 2847  0 41  2  0  0  0  0  0  0  0 415 3121 7606 941  0  0 77019  0 13157  0 55 
 0 17  0  0  0  0 536  0 1223  0  0 86513 712  0  0 5587  0 3363 851 417  3 7139  0 262 40337 527  0 813 49  1  6 27174 769  0 22212  0  8  0  0 14847 764 14 554 1563 97292  0  0  1 1028 395 25  0 31006  0 11834 142 200  4  4  0 
 1 511  0 937  0 588 1620 57  0 17 78700  0  1  1 8016  3 104  0  0  0  0 646  0  0  0  1  0  0  0 1454  0  0 921  0  0  0  0  0 52792  0 3660  0 6138  0 2672  0  1  0 165 842  0  0 16  0 1387 37784  0  0  0 37436 
 0  0 18532  1 19217  0 3085 1429  0  0  0  0  0 113  0 92 497 1366  0  0 5545  2  4  0  0  1  0  0  0 5204 43  0 49031  0  0 544  0 20 158  0 2951  0  1  1 907  0 1028 165  0 2045  5 55820 16  0  0  0  0 79  0 9520 
5844 72 148  0 96  0 197 2370 25  0  0 157  0 5173  0 6918 22 18  0 5223  0  0 2001 611 17387 26579  0 2011 17  3 57276  0  0  0  0  0  0  1  0  0  0 30 32062 5885 1322 415 395 842 2045  0 117 5550  0  0 1534  0  0  0  0  0 
 0  0  0 209 2320  0  0 921  0  0 19 39  6  0 54997 7170  0  0  0 4826 54  0 62 20794  2 135  0  0 1447  0  0  0  0  0  0  0  0  0  2 1679  0 739 13130  0 9325 3121 25  0  5 117  0 209  0  0  0 89837 14603 705  0  0 
 0 282  0  0  0 18 824 158  0  0 35169  0  0 11830 79689  0 2016 412 61 115 2485  0  0  0  0  0 392  0 15730  0 563  1  0 1440 14424  0  0  8  6 59  0  0 1260 15 2570 7606  0  0 55820 5550 209  0 374 856  0  0  0  0 12 62 
2590 3724 58959  3  0  2 205  0 5336  0  0 84  1  0 173  0 18983 169  0  0  0 6998 1863  0  0  8 468 19 26 370  4 7148  0 3956 44  0  0 265 82661  2  0  0 99  0  0 941 31006 16 16  0  0 374  0  0 10261  0 79  8 15753  0 
38 59 37 289  0  1  0  0  0 195 1014  0  7  0 179  0 775  0 7009  0 57 5947 17891 2611  0  0  0  0 19587  9 35760  2 6250  0 3010 83414 109  0 3208  0 15 14 20673  0 1468  0  0  0  0  0  0 856  0  0  0  0 187  0  0  0 
322 7063 1739  3  0  0 749 24 75 25005  1 948 196 81  0  0  0  0  2  0 31  0  0 91 6078  0 10  7  0 29  1 74470 99  0  0 43 223 5385 3626 665  4  0  0  0  0  0 11834 1387  0 1534  0  0 10261  0  0  0  0  0 34  0 
 0 342  0  0  0  0 56050  0  0 73  0 163  0  0 17  0 429  7 57221 14 108  0  0  0  0  0  0  0  0 2064  0 79348 11 743  0  0  0 40773 82028 93 109 29517  7  0 20251 77019 142 37784  0  0 89837  0  0  0  0  0  0  0  0  0 
540  7 40771  0  2  0  0  0 38  0 97 1022  0 3890 6213  0  7 14  0 22  0  8  0  0  0 16  0 111 31881  6  0  0  8  0  0  0  0  0 939  0 985  0 188 10622  2  0 200  0  0  0 14603  0 79 187  0  0  0  2 490 458 
57  1  0 36  0  5 1780 78762 6749 12915 67  0  0 277  0 47319  0 37851 9054  0  0  0 226 25  0 1284  0  0  0 25383  0  1  0  0  0  1 48  1  0  0 140  0  7  0 14 13157  4  0 79  0 705  0  8  0  0  0  2  0 29 64757 
86151 34245 152 762 8920  0 40684  3  1  0 1183  4  0 12  0  0  0  0  0  0 151 3641  0  5 11563 102  0  0 11  0 1463 960  0  8 89  0  0 608 13249  5  0  0  0  0  0  0  4  0  0  0  0 12 15753  0 34  0 490 29  0 199 
 0  0  0  0 19  0  0  0  0  0 14 6159  0 19137  1 22900  0  0 395  0 17024  0 77 500  0  0 37 144  0 4116 579 1170  0 25824 56 12 979  9 11  0  0 57064  4  5  0 55  0 37436 9520  0  0 62  0  0  0  0 458 64757 199  0 

 0 41847  0  1 42  0 69515  0  0 39 26135  0  0  0  0  0 20938  0  0  0  1  0  6 39  0  0 11  0  0  0  0 441 230 105  0  0  0  0  0  8 28 37856  5 40  2 917 561 12004  4  0 448  0  2  0  0 4361 38  0  0  2 
41847  0 31608  0  0  0 27809  0 257  0 270  0  0  0  0  0  0  0  0  0 3499  0  0 258 66  0  0  0 84  0 62 173 70992 5029  0  0  0  0  2  0  8 7008 7114  0  0 79744  0  0 408 186 83651  0  1  0  0  1 8160  0  0 68 
 0 31608  0 209 23 58746  0 11  0 741  0  1  2  0  0  0  0  0  0  1  0  0  0  0  0  3  0  0  3  0  0  0 72329  1  0  1  0  2  0  0  0  0  2  0 2805 456 53 37800  1 35 63 607  0 18  0  2  0 9110  0 1733 
 1  0 209  0  0 20  0 9512  0  1 14 8345  0 6481 2666 45  0 2711 687 325  0  0  0  0  0  0  0  0  0  0  0  0  5  1  0 20128  0  0 77  3  0  0  0  0 6834  0 35  3 19850  0  1 33  0  0 13  6 45  0  0 10 
42  0 23  0  0 98 21 3201  2  0 6083  0  0 2196 116 29  0 150  0 6400 30072  0  0  0 56  0  1  7  0 370 38 2097  0  0 12  0 2989  0 1813  0 581 3858  0  0  1  0  0  0  0  0  0 2134  1 1489 3642 52418 163 314  0  0 
 0  0 58746 20 98  0  2  3 26508  2 45266  0 46  0  0 57 43 7202 171  0 45 43  0  3  0 32 5287  0  0  3 115 12 50 407  0  0  0 81066  0 23  0  0 374 18 1213 2824  0  0  0  1  9  0  0  0  2 15 8572 43 14 44 
69515 27809  0  0 21  2  0  0  0 18392  0 11 5261 2213  0  1 14  0  0  0  0  0  0 534 163 1056  0 14125 2511 20  0 7108 1065  0  0 165  0  0 36  1 549 461 7504  0 14977  0  0  0  0  0 86  0  9 3051  0  0  0  0  0  0 
 0  0 11 9512 3201  3  0  0  0 51  0  0 85  0  0  7  0  0  0 50622  1 2008  1  0 50  2  0  0  0 93  0 928  0 1801 7829 28  0  7  0  0 15629 10340 48  0 116  0 43  3  3  1 14117  6 97857  0  8 668  0  0 12 8010 
 0 257  0  0  2 26508  0  0  0 36  0 72327 93951 31983  7 84 1113 65 15 400  0  0  0 24  0  1  0 3611 48  0 20273 861  0  0 25987 6227 53  0  1  0  0 37 18 14547  0  0  0 170  0  0 95 11  0  0  0 9139  0 87 526 242 
39  0 741  1  0  2 18392 51 36  0 14  1  0 15  0  0  0  0  0 379 80  0  0 470  0  0  0  0  0 954  3 184  4  0  0 20 1399  0  0  8 35  0 20 3488 3362  0 3956  0  0 850 52553  0  0  0  0  0 30  0 274  4 
26135 270  0 14 6083 45266  0  0  0 14  0 58412 105 10 20817 23278 2226 83  0  0 2335 115 382 11  0  2  3  4  0 89  0  1 637 29 2039 2229  0 96 1140  0  0 4419  1 26 37448  0 21  0 1395 37  0  0  0  2  0 17  0 54  0 51 
 0  0  1 8345  0  0 11  0 72327  1 58412  0 82772 968  1 1027  0  0  0  0  4 13 88  0 147  0 45  0 20453 47 37  0  0  0  0  0  0  0 6661  0  0  0  0  2 218  0  0  1 265  3 81  5  0  2  0  0  0  0  0  0 
 0  0  2  0  0 46 5261 85 93951  0 105 82772  0  0  4 29  0  0  1 634 5204  0  0  3 45205  0  0 25  0  0  0  0  0 4813 30202  6 16  0  0  0  0 57  0 3249  0  0  0  0 175 75 1489 102 15  0  0  0  3  1 249  0 
 0  0  0 6481 2196  0 2213  0 31983 15 10 968  0  0  0 13  0 18  0 1868 52865 37  0 48 92552  0  0 2412  0  0 325 369 6204  0 93 7226 2845  0  0  0 10 124  0  0  0  0 13521  0  0  0 979  0 1182 40029  0 173  0  0 92  0 
 0  0  0 2666 116  0  0  0  7  0 20817  1  4  0  0  0 16164  0 27916 17879  0 47586  4  0 373 7515  1  0  9 1087 190  0  0  0 67395  0 362 961 32 39 130  0  0  0 1370 551 611 29  0  0  0  0  0  0 261 22  0 24498 836  0 
 0  0  0 45 29 57  1  7 84  0 23278 1027 29 13  0  0  0  0  5  3 22  0  0 62 210  0  1  0 1151 11504  9  0 171 1501 35693  0  0 49281  0 35  0 19  0  0  0 23  0 84715  1  0  0 23587  2 21  4  0  1  0  4  0 
20938  0  0  0  0 43 14  0 1113  0 2226  0  0  0 16164  0  0  0 22  0  0 435 71776  0 10078  2 66 14  1 833 54 18  0 26072  0  0  6 13  0 27278  0  0 41 1200 275  5 206  0  0 237 30253  0  2  0 10 59  0  2 248  0 
 0  0  0 2711 150 7202  0  0 65  0 83  0  0 18  0  0  0  0 84177 58509 80423  0  1  0  0  0 417  0 42 22823  0 23  0 216  1  0  0  0  0 83927 21790 3411  0  0 370  0  0 2227  0  0 33 178  0  6 650  0  0  0  0 34441 
 0  0  0 687  0 171  0  0 15  0  0  0  1  0 27916  5 22 84177  0  0  0  0  5  0 1869  0  0  0  0  0 4922  0 18 295  0  0 16  0  1  2  0  5  0  0  0  0  0 6112  0 35  6  0 41255  0  0  0  0  0  3  0 
 0  0  1 325 6400  0  0 50622 400 379  0  0 634 1868 17879  3  0 58509  0  0 355  0 13  0 94 39344  0 32694 172  0  0 70  2  0  0  0  0  0 14361  0  0 169  3 41 107  5  0  0 56848  0  0  0 39  0  7 19  0 1537 2033 22 
 1 3499  0  0 30072 45  0  1  0 80 2335  4 5204 52865  0 22  0 80423  0 355  0 37359 94 35 1201  0  0 609  0  0 194  7  0 940  8 1455 79  0 66990  0 214  0 1240  5  0  0  0  0  0 12 29  0  0  0  0  0 183 252 18  0 
 0  0  0  0  0 43  0 2008  0  0 115 13  0 37 47586  0 435  0  0  0 37359  0  0 15  0  0 50  0  0 95181 795  0  0  4 2402  0  0 23 4399  0  0 2340  0 171  0  0 52667  0 51  1 117  4  0  0  0 12359 282 3019  0 167 
 6  0  0  0  0  0  0  1  0  0 382 88  0  0  4  0 71776  1  5 13 94  0  0  0  0  0 264 80 103  1 32  0 439 15 17276 29  0 187 11394  0  0 191 6061  0  0 1478 5035 10355 2531  0  0 44304  0  0 75  0 761  3 1495  1 
39 258  0  0  0  3 534  0 24 470 11  0  3 48  0 62  0  0  0  0 35 15  0  0  0  0  0  0 4976 15979 153 1734  3  0  1  0 68654  0 16  0  0  0 19  0  0  0 7047 87288 230  8  0 1311 4030 76  2 16655  8  0 24453  0 
 0 66  0  0 56  0 163 50  0  0  0 147 45205 92552 373 210 10078  0 1869 94 1201  0  0  0  0 16 58  0 37  0  5  0  0  0  0 836  0  0 144  0 18  0  0  0  0 51066  0  1  0  0  0 31705 1318  0 152  0 9005  9  0 20108 
 0  0  3  0  0 32 1056  2  1  0  2  0  0  0 7515  0  2  0  0 39344  0  0  0  0 16  0 334 26  0  0 15  0 1993  0 2093 2692  0  0  9  0  0 73 125 55 27 184  0  7  0  0  0 107 104 47496 19695 672  1  0  0  1 
11  0  0  0  1 5287  0  0  0  0  3 45  0  0  1  1 66 417  0  0  0 50 264  0 58 334  0  0  0  0  0 522 31  0  7  0  0  0 1182 79 26  0  0  0  0 12443 4224 3235  9 9920  0  0  0  0 111 64919 491 378  0  0 
 0  0  0  0  7  0 14125  0 3611  0  4  0 25 2412  0  0 14  0  0 32694 609  0 80  0  0 26  0  0  0  0  0  0  0 40  0  0 49664  0  6  0  0 70267 9400 483  5 2461  0 59570 8504  0 33 570  0  0  0  9  0 129 47562  4 
 0 84  3  0  0  0 2511  0 48  0  0 20453  0  0  9 1151  1 42  0 172  0  0 103 4976 37  0  0  0  0  0 6356 59  5  0  0 532  1 8507  0 2642 1739  0  0 26  0 36  0  4 59 17  0 17  0  0 17 5776  0 431 13  0 
 0  0  0  0 370  3 20 93  0 954 89 47  0  0 1087 11504 833 22823  0  0  0 95181  1 15979  0  0  0  0  0  0  0  1 38677  0 102 46  0 21477 943 353  2 1993  0 38745  0  0 927  0  0 71  0 3493  0  4  4 2806 109  0  0  0 
 0 62  0  0 38 115  0  0 20273  3  0 37  0 325 190  9 54  0 4922  0 194 795 32 153  5 15  0  0 6356  0  0  0  0  0 398  2 64586  0 26 4691  0  0 63350  0  0 297  0 1614  0  0 10  0  0 301  0  0 598 5102  0 30 
441 173  0  0 2097 12 7108 928 861 184  1  0  0 369  0  0 18 23  0 70  7  0  0 1734  0  0 522  0 59  1  0  0  0 47 4877 40 195  0 32  0  4 19 462  2 83948 544  0 2870 33 20  0 1372 56  0  0  0 123  0  0  0 
230 70992 72329  5  0 50 1065  0  0  4 637  0  0 6204  0 171  0  0 18  2  0  0 439  3  0 1993 31  0  5 38677  0  0  0 362 73 844 1990 2837  0 10420  0 1541  0 9364 24484  0  0  0  0 92087 8720 309  0  0 17 1078 110 431  0  0 
105 5029  1  1  0 407  0 1801  0  0 29  0 4813  0  0 1501 26072 216 295  0 940  4 15  0  0  0  0 40  0  0  0 47 362  0  0 4007  0  5 748 155  1 2194  0 11  0 65012  0 712  0  3 1529  0  0 62  0  0 57649 3179  0  0 
 0  0  0  0 12  0  0 7829 25987  0 2039  0 30202 93 67395 35693  0  1  0  0  8 2402 17276  1  0 2093  7  0  0 102 398 4877 73  0  0  0  0  0 219 11  0  0 3763  0  0  0  0  0  0 1291 19141  0 19  0  0  0  0 678  0 31376 
 0  0  1 20128  0  0 165 28 6227 20 2229  0  6 7226  0  0  0  0  0  0 1455  0 29  0 836 2692  0  0 532 46  2 40 844 4007  0  0  0 29851 215 93  0 2353 996 683 41259 426 58 10 67  7 42  0  5  0  1 2972  0  0 2952  1 
 0  0  0  0 2989  0  0  0 53 1399  0  0 16 2845 362  0  6  0 16  0 79  0  0 68654  0  0  0 49664  1  0 64586 195 1990  0  0  0  0  1 145  1  1  0 58950 28 3770  0  0  3  0 58  1 1859  0  4  0 811 20397  0 565  0 
 0  0  2  0  0 81066  0  7  0  0 96  0  0  0 961 49281 13  0  0  0  0 23 187  0  0  0  0  0 8507 21477  0  0 2837  5  0 29851  1  0  1 61 1595 84  0  0  0 884  0 542  0  0 17064  0  2 26  0  0  0  0 141 58 
 0  2  0 77 1813  0 36  0  1  0 1140 6661  0  0 32  0  0  0  1 14361 66990 4399 11394 16 144  9 1182  6  0 943 26 32  0 748 219 215 145  1  0 77  5  0 6304 872 700 41 4458  0  0 658  0 410 20  0  0  0  0 88977  0  0 
 8  0  0  3  0 23  1  0  0  8  0  0  0  0 39 35 27278 83927  2  0  0  0  0  0  0  0 79  0 2642 353 4691  0 10420 155 11 93  1 61 77  0  0  1 59  0  0 570  0  0  0 1855  0  0  0  0  0  3 570  7  0 69 
28  8  0  0 581  0 549 15629  0 35  0  0  0 10 130  0  0 21790  0  0 214  0  0  0 18  0 26  0 1739  2  0  4  0  1  0  0  1 1595  5  0  0  0  0 29  0  0 190  0  0  0 42041  0 13276 88  0  0  0  0  0 283 
37856 7008  0  0 3858  0 461 10340 37  0 4419  0 57 124  0 19  0 3411  5 169  0 2340 191  0  0 73  0 70267  0 1993  0 19 1541 2194  0 2353  0 84  0  1  0  0 7471  9  3  0  0 212 111  0  0 10 5163  9  0  0 126 27526 1738  0 
 5 7114  2  0  0 374 7504 48 18 20  1  0  0  0  0  0 41  0  0  3 1240  0 6061 19  0 125  0 9400  0  0 63350 462  0  0 3763 996 58950  0 6304 59  0 7471  0  0  0 720  0  0  0  0  0  0  0  0 941  0  0  0 146 203 
40  0  0  0  0 18  0  0 14547 3488 26  2 3249  0  0  0 1200  0  0 41  5 171  0  0  0 55  0 483 26 38745  0  2 9364 11  0 683 28  0 872  0 29  9  0  0  0 16347  0 2598 19  0 554 39  0 25  0 33  0 201  0  0 
 2  0 2805 6834  1 1213 14977 116  0 3362 37448 218  0  0 1370  0 275 370  0 107  0  0  0  0  0 27  0  5  0  0  0 83948 24484  0  0 41259 3770  0 700  0  0  3  0  0  0  0  0 81  0  6  2  0 9365  0 59  0  0  0 72862  6 
917 79744 456  0  0 2824  0  0  0  0  0  0  0  0 551 23  5  0  0  5  0  0 1478  0 51066 184 12443 2461 36  0 297 544  0 65012  0 426  0 884 41 570  0  0 720 16347  0  0 42 1280 255 74  0  0  0  0  0  0 2996  1 336  0 
561  0 53 35  0  0  0 43  0 3956 21  0  0 13521 611  0 206  0  0  0  0 52667 5035 7047  0  0 4224  0  0 927  0  0  0  0  0 58  0  0 4458  0 190  0  0  0  0 42  0  0  0  0 39 2018  0  0  0 1883  0  0  6 103 
12004  0 37800  3  0  0  0  3 170  0  0  1  0  0 29 84715  0 2227 6112  0  0  0 10355 87288  1  7 3235 59570  4  0 1614 2870  0 712  0 10  3 542  0  0  0 212  0 2598 81 1280  0  0  0  0 1607 14218  0 18  0  0  4 56916  0 13 
 4 408  1 19850  0  0  0  3  0  0 1395 265 175  0  0  1  0  0  0 56848  0 51 2531 230  0  0  9 8504 59  0  0 33  0  0  0 67  0  0  0  0  0 111  0 19  0 255  0  0  0  0  6  0 26 1002 13 62  1  0 840  0 
 0 186 35  0  0  1  0  1  0 850 37  3 75  0  0  0 237  0 35  0 12  1  0  8  0  0 9920  0 17 71  0 20 92087  3 1291  7 58  0 658 1855  0  0  0  0  6 74  0  0  0  0  0  0  0  0  0 2353  0 95  5 72725 
448 83651 63  1  0  9 86 14117 95 52553  0 81 1489 979  0  0 30253 33  6  0 29 117  0  0  0  0  0 33  0  0 10  0 8720 1529 19141 42  1 17064  0  0 42041  0  0 554  2  0 39 1607  6  0  0  0 5078  0 30  0  0  0 75 16817 
 0  0 607 33 2134  0  0  6 11  0  0  5 102  0  0 23587  0 178  0  0  0  4 44304 1311 31705 107  0 570 17 3493  0 1372 309  0  0  0 1859  0 410  0  0 10  0 39  0  0 2018 14218  0  0  0  0  0  6 45  0 79  0 3326  0 
 2  1  0  0  1  0  9 97857  0  0  0  0 15 1182  0  2  2  0 41255 39  0  0  0 4030 1318 104  0  0  0  0  0 56  0  0 19  5  0  2 20  0 13276 5163  0  0 9365  0  0  0 26  0 5078  0  0 18904  0  0 12 1631  0  0 
 0  0 18  0 1489  0 3051  0  0  0  2  2  0 40029  0 21  0  6  0  0  0  0  0 76  0 47496  0  0  0  4 301  0  0 62  0  0  4 26  0  0 88  9  0 25  0  0  0 18 1002  0  0  6 18904  0 523 472  0 11458 5550 7979 
 0  0  0 13 3642  2  0  8  0  0  0  0  0  0 261  4 10 650  0  7  0  0 75  2 152 19695 111  0 17  4  0  0 17  0  0  1  0  0  0  0  0  0 941  0 59  0  0  0 13  0 30 45  0 523  0  0 1225  0  1 12475 
4361  1  2  6 52418 15  0 668 9139  0 17  0  0 173 22  0 59  0  0 19  0 12359  0 16655  0 672 64919  9 5776 2806  0  0 1078  0  0 2972 811  0  0  3  0  0  0 33  0  0 1883  0 62 2353  0  0  0 472  0  0 6247 1074 5138 11 
38 8160  0 45 163 8572  0  0  0 30  0  0  3  0  0  1  0  0  0  0 183 282 761  8 9005  1 491  0  0 109 598 123 110 57649  0  0 20397  0  0 570  0 126  0  0  0 2996  0  4  1  0  0 79 12  0 1225 6247  0  0  0  0 
 0  0 9110  0 314 43  0  0 87  0 54  0  1  0 24498  0  2  0  0 1537 252 3019  3  0  9  0 378 129 431  0 5102  0 431 3179 678  0  0  0 88977  7  0 27526  0 201  0  1  0 56916  0 95  0  0 1631 11458  0 1074  0  0  0  0 
 0  0  0  0  0 14  0 12 526 274  0  0 249 92 836  4 248  0  3 2033 18  0 1495 24453  0  0  0 47562 13  0  0  0  0  0  0 2952 565 141  0  0  0 1738 146  0 72862 336  6  0 840  5 75 3326  0 5550  1 5138  0  0  0  4 
 2 68 1733 10  0 44  0 8010 242  4 51  0  0  0  0  0  0 34441  0 22  0 167  1  0 20108  1  0  4  0  0 30  0  0  0 31376  1  0 58  0 69 283  0 203  0  6  0 103 13  0 72725 16817  0  0 7979 12475 11  0  0  4  0 

 0  0 131  0 676  0  0  1  0 43 42796 68  0  0  0  0 38039 58  0  0  5  0 674  0  0  0 2120 96  0  0  0  0 16 3536  2  0  0 633  0  0 27671  0 353 29  0  2 38944 4056 1968  0 504 677  0  0  0 30  0  0  0  0 
 0  0 1001  0  0  0 331 3312 1334  0  1 113  0 1324  0  0  0  0  0  0  0  0  0 402  0  0  0  0  0  0 2581 12144 26 1502 293  0  0  0 315 15446 293  2 27  7  0 1977  1  0 1208  0  0  0  0  0  0  0  0  0 12  2 
131 1001  0 32994 13 2011  0  0  0 585 723 440 1161  5  0  0 179  3  0 243  0  0 13 92  3  0  0  1  0  0 32  0 7979  0  0  0 20  0  0 4123 26  0  0  0  0  0 129  0  0  0  0 56896  0  0  0  0  0  0  0 16 
 0  0 32994  0  0 68219  1 50  0  0  0 116  0 12 10473 108  0  0  0  0 31 5624  0  0 76648  0  0  0  0  0 749  0 25 408 112  0  0  0 12 36717 129  0  0  0  0  0 657  0  0 43  0  4 35  0  0 169 1268  1 29  2 
676  0 13  0  0 53164 33672 9131 1394  0  5  0  0  0 48301 10452  0  0  0  0 63 4063  0 85  0  0 38 305  0 55 120  0  0 167  0  0 253 13  0 11 85 50440  0  0  0  0  0  0  0  0  0 420 44046 18502 5216 336  1  9  0  0 
 0  0 2011 68219 53164  0 1194  0  0  0 7355  0 52 12  0 441 2063  2  0  0 3240  0  0  0  0  0 74211  0  0  0 188  0  0  0  0  0 103  0  0  1 97771  0  0 350  0 42180 482  0 849 73  0 293  0 81 34 64 64 469 17822  0 
 0 331  0  1 33672 1194  0 63 11 268 35  0 1478 1898  0  0 13650  0  0  0  0  0  0  0 88 472  0  2 13  0  0 246  2  0 584  0  0  0 1007 30433  0  0 53  0 63358  0  0  0  0 474 139  0  0 26558  0  0  0  2  0  0 
 1 3312  0 50 9131  0 63  0  0 460  0  0  0  0 5605  0 1337 14  1  0 34 21 10 64  0  0  0  0  0  1 38641  6  0 78298  9  0  0  0 27  0 26533 174 763 25757  0 23 82 17  0  0  8  7 1468 2247  0 23  0  0 43 259 
 0 1334  0  0 1394  0 11  0  0 47  0 19 2123 2598 382 2470  0  0 22 166  0 51  0 2075 36  0  1 19  0  0 228  4  0  0 18 893  5  1 2470  0 10342 392 14 119  0  0  0 19  0  0 130 893  0  0  2  1  0  0  0 17373 
43  0 585  0  0  0 268 460 47  0 11  0  0  0  0  0 11 187 205  1 117  0  0 40998  0 180 95 12  0 62049 14  0  0 19  0 17742 1293 1295  0  0 39333  3  0 438  0  0  1  8  5  0 20 1434  0  0  0  4 37  0 6572  1 
42796  1 723  0  5 7355 35  0  0 11  0 2762 506 78  0 475 12070 15 7394  0 17 139  0 394  0 292  0  0  0  0  0  0  0  0  0  0 28  0 16942 59  0  0 23691 57 26104  0 48354 876  3 34453 71  0 48439  8  7 23808 12  0  0  0 
68 113 440 116  0  0  0  0 19  0 2762  0 48815 140 835 255  0  0  0  0  0  0 18 773 1484  0  0  0 10462 28  0 1308  3  0  2  0  0  0  0  1 1069  0  0 143  2  5  0  0 105  0  0  0  0 3884 179  0  0 224 2693  0 
 0  0 1161  0  0 52 1478  0 2123  0 506 48815  0  0 6838 14  0  0 11 12 72139  0  0  0 28  2  4 38 86698  0  0  0  0  7 58184  0 687  0  0 6307  0  0  5 1391 55808  0  0  0 197  0  0 1183  0  0  0 6346  0 51821  0  0 
 0 1324  5 12  0 12 1898  0 2598  0 78 140  0  0 6717  0  0 22  0 17932 281  0  0  0 5952  0 50961 765  0  0 65 17376 923  0 581 36619  0  0  0  0  0  0  0  0  0  0  1 174  0  2  0  0  0 1022  0 1425  0  0  0  0 
 0  0  0 10473 48301  0  0 5605 382  0  0 835 6838 6717  0  0  0 77707 79 9527  0  0 51 72 159 52081  6  0  0 22074  0  8  0  0 33728  0  3  3  1 49  0  0  0  0 5023  0 8809 228  5 542  0  0  2 33418  0  0  0 299 5821 71 
 0  0  0 108 10452 441  0  0 2470  0 475 255 14  0  0  0 5520  0 2377  1 364 2827  0 37 74670  0 8050 3803  0  6  0 19 146 258  0 225 34333  1  0 170  0  0  0  0 162  2  0  0  0  0  0 11281  0 12789  9  3 183  0 649 353 
38039  0 179  0  0 2063 13650 1337  0 11 12070  0  0  0  0 5520  0  0 4187  0  0 228 92 20391  0 52443  2 3862  8 82536 69  0  0 250  0  0 47 12  0 68791  0  0 36  0 411  0  0 597  0  0 1304  0  0  0  3 9106  0 353 349  0 
58  0  3  0  0  2  0 14  0 187 15  0  0 22 77707  0  0  0 7624 1200  0  0  0  0  0  1 85268  0 193 126  0 185  0  0  0  3  0  0  0 28494  3 18  0  1 31  0  0 5219  0  0  0 220  0  0 21  0  0  8 14808 2632 
 0  0  0  0  0  0  0  1 22 205 7394  0 11  0 79 2377 4187 7624  0  1 126  0  0  0  3  0 21  0  0  0 35  0  0 52  1 32 17 18  0  0  2 6359  0 15  0 50  3  0 5414 11544  1  0 5439  0  1  0  0  0 1418  0 
 0  0 243  0  0  0  0  0 166  1  0  0 12 17932 9527  1  0 1200  1  0  0  0  5  0  0  0  0 247  0 20  0 29 237  0  0  0  0  0 58591  1  0  2  7 168 6506 18500  0 7524  0 1280  0  0 1875 22624 195 2924  0 15732  4  3 
 5  0  0 31 63 3240  0 34  0 117 17  0 72139 281  0 364  0  0 126  0  0 4459  0  0  0  0  0 6184 5395  0  0  0  0 46 3100  4  0  0 19688 181 27481  0  0  0  0  0 22  0 29 3726 851  0 104  0  0 49 46 29 558  0 
 0  0  0 5624 4063  0  0 21 51  0 139  0  0  0  0 2827 228  0  0  0 4459  0  5 70 1866  0 3093  0 791 4179 3653 266  0 1591  0  0  0 8392  6  0  0 8026  0 392  0 73  0  0  0 4486 4140  0  0  5  5 55174  6 1936  2 13 
674  0 13  0  0  0  0 10  0  0  0 18  0  0 51  0 92  0  0  5  0  5  0  0  0  0  0 1895 126 161 64  0  1  0 1509 18  0 79 3353  0  0  0 138  0 860  0 327  0  0  0  0 881  0  0  0  5 47 18363  0  0 
 0 402 92  0 85  0  0 64 2075 40998 394 773  0  0 72 37 20391  0  0  0  0 70  0  0  0  0 40987 659 124 25158 669  3 14  1  0 82 4807  0  4  0  0  1  1  0  2  0  0 1234  0 1519  0 17 11231  0  0  0 26508  0 1090  3 
 0  0  3 76648  0  0 88  0 36  0  0 1484 28 5952 159 74670  0  0  3  0  0 1866  0  0  0  2  0  0 19  0  4  0  0  0  0 27  0  0  0  0 1088  0 70184  0 15 19831  0  7  4  0  0 654 728 19  0  0 40 2504  0 108 
 0  0  0  0  0  0 472  0  0 180 292  0  2  0 52081  0 52443  1  0  0  0  0  0  0  2  0  0  8  0 557  1  0  0  0 43  0  0  0 39  0 1571  0 751  9 48  0  0  0  0  0  0 2952  0 44 86217 827  0  0  0  0 
2120  0  0  0 38 74211  0  0  1 95  0  0  4 50961  6 8050  2 85268 21  0  0 3093  0 40987  0  0  0 16  0  0  0  0 97376  0 13 24  0  0  0 52617  9  0  0  0  0 224 1775 1606  2 1493  0  0 526  0  0 6889 242 35  0  0 
96  0  1  0 305  0  2  0 19 12  0  0 38 765  0 3803 3862  0  0 247 6184  0 1895 659  0  8 16  0 23  0 430 20  0 15 557  0  3  0  0  6  0  0 16342  0  0 1678  0 9070 57441  0  3 767  0  0 441 6902 39  0 24491  5 
 0  0  0  0  0  0 13  0  0  0  0 10462 86698  0  0  0  8 193  0  0 5395 791 126 124 19  0  0 23  0  0  1 47 23 40  9  0  0 722  0  0 1930  0  0  0 16011 38020  0  3 81442  0  0  0  3  0  0 203  0 20 88641 25403 
 0  0  0  0 55  0  0  1  0 62049  0 28  0  0 22074  6 82536 126  0 20  0 4179 161 25158  0 557  0  0  0  0  0  0 30  0  0 12  0  0 29 45  0 23  0 6445  0  0 7057  0  3  0  0 1880  0  1 45794  0  0  0  0  0 
 0 2581 32 749 120 188  0 38641 228 14  0  0  0 65  0  0 69  0 35  0  0 3653 64 669  4  1  0 430  1  0  0  3  0 1741  0  0  0  0  0  0 30355  0  0  0  1  1  0 62529  0  0 134 114  1  0  0 9193 22 35339  0  4 
 0 12144  0  0  0  0 246  6  4  0  0 1308  0 17376  8 19  0 185  0 29  0 266  0  3  0  0  0 20 47  0  3  0 99817 1705 5649  0  0  0  0  0 122  0 36 8325  0 1541  0 393 95164 29  0  0 1853 41  7  0 94918 70  0  0 
16 26 7979 25  0  0  2  0  0  0  0  3  0 923  0 146  0  0  0 237  0  0  1 14  0  0 97376  0 23 30  0 99817  0  0 628 12  3  0 14  0  0 299 135 99 51  0  0  0  0  0 54  0  0  0  0 142  8  3 26474 636 
3536 1502  0 408 167  0  0 78298  0 19  0  0  7  0  0 258 250  0 52  0 46 1591  0  1  0  0  0 15 40  0 1741 1705  0  0 34  0  0  0 13986 10 125 19897  8 9116  0 79  0  9  0  7  0  0  0 5753  0  0  0 562  0  0 
 2 293  0 112  0  0 584  9 18  0  0  2 58184 581 33728  0  0  0  1  0 3100  0 1509  0  0 43 13 557  9  0  0 5649 628 34  0 22601 2558  0 126  0 41  0  1  0  1  0  0 19871 83 514 11657  0  0  0 2123  0  0 3358  0  0 
 0  0  0  0  0  0  0  0 893 17742  0  0  0 36619  0 225  0  3 32  0  4  0 18 82 27  0 24  0  0 12  0  0 12  0 22601  0 28 18 95  0 20464 116 1636  4  0 29617 1024 181  0  2 10240 48 1246  0  0  0  0 33 784  0 
 0  0 20  0 253 103  0  0  5 1293 28  0 687  0  3 34333 47  0 17  0  0  0  0 4807  0  0  0  3  0  0  0  0  3  0 2558 28  0  2 2795 194  3  1 10305 68087  0  1 27  2  0 23356  0 128  0 19398  0 45 2971  0 282  0 
633  0  0  0 13  0  0  0  1 1295  0  0  0  0  3  1 12  0 18  0  0 8392 79  0  0  0  0  0 722  0  0  0  0  0  0 18  2  0 111 2384  0 47069 381  0  0  0  6  0  0  0 13696  0  0 27707  0  0 161  1  0 63 
 0 315  0 12  0  0 1007 27 2470  0 16942  0  0  0  1  0  0  0  0 58591 19688  6 3353  4  0 39  0  0  0 29  0  0 14 13986 126 95 2795 111  0 1601 205  0 1555  8 197 18 35881  0  0 55  0  0  0  0  0  0  2 22431  0  0 
 0 15446 4123 36717 11  1 30433  0  0  0 59  1 6307  0 49 170 68791 28494  0  1 181  0  0  0  0  0 52617  6  0 45  0  0  0 10  0  0 194 2384 1601  0  4  0  0  3  3 283  0 27 1296 17  0 557  0 66182  0  0 14  0  0  0 
27671 293 26 129 85 97771  0 26533 10342 39333  0 1069  0  0  0  0  0  3  2  0 27481  0  0  0 1088 1571  9  0 1930  0 30355 122  0 125 41 20464  3  0 205  4  0 476 330 1221  0 493 14  0  0  0 16497 519 11564 4484  8  0  0  8  0 194 
 0  2  0  0 50440  0  0 174 392  3  0  0  0  0  0  0  0 18 6359  2  0 8026  0  1  0  0  0  0  0 23  0  0 299 19897  0 116  1 47069  0  0 476  0 966  4  0  0  0 2937 377  0  0 25  0 55 69  0  2 15 5264  0 
353 27  0  0  0  0 53 763 14  0 23691  0  5  0  0  0 36  0  0  7  0  0 138  1 70184 751  0 16342  0  0  0 36 135  8  1 1636 10305 381 1555  0 330 966  0  1  0 55  0  0  7  0  0 533  0 15 226  0  0 282 38114  4 
29  7  0  0  0 350  0 25757 119 438 57 143 1391  0  0  0  0  1 15 168  0 392  0  0  0  9  0  0  0 6445  0 8325 99 9116  0  4 68087  0  8  3 1221  4  1  0  0 24749 60  0 58  0 306  0  3 12910  0  4  0 86772 59 30 
 0  0  0  0  0  0 63358  0  0  0 26104  2 55808  0 5023 162 411 31  0 6506  0  0 860  2 15 48  0  0 16011  0  1  0 51  0  1  0  0  0 197  3  0  0  0  0  0  3  0  0  0  0  0  0 12014  0  0  2  0  0  1 72 
 2 1977  0  0  0 42180  0 23  0  0  0  5  0  0  0  2  0  0 50 18500  0 73  0  0 19831  0 224 1678 38020  0  1 1541  0 79  0 29617  1  0 18 283 493  0 55 24749  3  0 7252 118 2619  0  0  0  0 7485 4062  1  0  0 417  1 
38944  1 129 657  0 482  0 82  0  1 48354  0  0  1 8809  0  0  0  3  0 22  0 327  0  0  0 1775  0  0 7057  0  0  0  0  0 1024 27  6 35881  0 14  0  0 60  0 7252  0  0  0  0  0 177  0 9546  0  4  0 12511  0  0 
4056  0  0  0  0  0  0 17 19  8 876  0  0 174 228  0 597 5219  0 7524  0  0  0 1234  7  0 1606 9070  3  0 62529 393  0  9 19871 181  2  0  0 27  0 2937  0  0  0 118  0  0 949  0  0 5487  0  0  0  7  8 3374  0  0 
1968 1208  0  0  0 849  0  0  0  5  3 105 197  0  5  0  0  0 5414  0 29  0  0  0  4  0  2 57441 81442  3  0 95164  0  0 83  0  0  0  0 1296  0 377  7 58  0 2619  0 949  0  0  0  0  0  2  1 1568 70  0 2491  0 
 0  0  0 43  0 73 474  0  0  0 34453  0  0  2 542  0  0  0 11544 1280 3726 4486  0 1519  0  0 1493  0  0  0  0 29  0  7 514  2 23356  0 55 17  0  0  0  0  0  0  0  0  0  0  0  0 83539  0  0 744 54562 36635 66997 50 
504  0  0  0  0  0 139  8 130 20 71  0  0  0  0  0 1304  0  1  0 851 4140  0  0  0  0  0  3  0  0 134  0 54  0 11657 10240  0 13696  0  0 16497  0  0 306  0  0  0  0  0  0  0  2  1 559 34037  0  0  0 38 983 
677  0 56896  4 420 293  0  7 893 1434  0  0 1183  0  0 11281  0 220  0  0  0  0 881 17 654 2952  0 767  0 1880 114  0  0  0  0 48 128  0  0 557 519 25 533  0  0  0 177 5487  0  0  2  0 6581  0 7596  0  0 1249  0  3 
 0  0  0 35 44046  0  0 1468  0  0 48439  0  0  0  2  0  0  0 5439 1875 104  0  0 11231 728  0 526  0  3  0  1 1853  0  0  0 1246  0  0  0  0 11564  0  0  3 12014  0  0  0  0 83539  1 6581  0 2022  0  2 10  0  0  9 
 0  0  0  0 18502 81 26558 2247  0  0  8 3884  0 1022 33418 12789  0  0  0 22624  0  5  0  0 19 44  0  0  0  1  0 41  0 5753  0  0 19398 27707  0 66182 4484 55 15 12910  0 7485 9546  0  2  0 559  0 2022  0 291 157  0 243 2270 31 
 0  0  0  0 5216 34  0  0  2  0  7 179  0  0  0  9  3 21  1 195  0  5  0  0  0 86217  0 441  0 45794  0  7  0  0 2123  0  0  0  0  0  8 69 226  0  0 4062  0  0  1  0 34037 7596  0 291  0 1549 885  0  0  8 
30  0  0 169 336 64  0 23  1  4 23808  0 6346 1425  0  3 9106  0  0 2924 49 55174  5  0  0 827 6889 6902 203  0 9193  0 142  0  0  0 45  0  0  0  0  0  0  4  2  1  4  7 1568 744  0  0  2 157 1549  0 32691  0  0  5 
 0  0  0 1268  1 64  0  0  0 37 12  0  0  0  0 183  0  0  0  0 46  6 47 26508 40  0 242 39  0  0 22 94918  8  0  0  0 2971 161  2 14  0  2  0  0  0  0  0  8 70 54562  0  0 10  0 885 32691  0  0 63  0 
 0  0  0  1  9 469  2  0  0  0  0 224 51821  0 299  0 353  8  0 15732 29 1936 18363  0 2504  0 35  0 20  0 35339 70  3 562 3358 33  0  1 22431  0  8 15 282 86772  0  0 12511 3374  0 36635  0 1249  0 243  0  0  0  0  0  0 
 0 12  0 29  0 17822  0 43  0 6572  0 2693  0  0 5821 649 349 14808 1418  4 558  2  0 1090  0  0  0 24491 88641  0  0  0 26474  0  0 784 282  0  0  0  0 5264 38114 59  1 417  0  0 2491 66997 38  0  0 2270  0  0 63  0  0  0 
 0  2 16  2  0  0  0 259 17373  1  0  0  0  0 71 353  0 2632  0  3  0 13  0  3 108  0  0  5 25403  0  4  0 636  0  0  0  0 63  0  0 194  0  4 30 72  1  0  0  0 50 983  3  9 31  8  5  0  0  0  0 
