facilities = 60 objectives = 3 max_distances = 100 max flows = 100 correlation = 0.000000 seed = 23453464
 0 41 13 68 15 92  7 28  4 48 75 78 42 76 48 61 17 72 95 48 72 46 19 72 93 34  6 55 86 63 64 69  2 83 84 10  1 16 48 99 64 17  4 24 42 87 94 72 46 51 55 28 52 39  2 25 28  1 48 37 
41  0 46 17 74 28 90 53 95 36 52  7 98 82 72 21 35 48 21 56 79 49 60 65 79 96 69 38 99 98 78 49 83 49  5 84 57 48 47 76 61 83 23 58 60 78 58 79 45 20 75  1 63 84 48 99 90 59 40 11 
13 46  0 71 27 72 39  5  5 56 86  6 33 61 70 81 44 63 40  3  3 80 22  3 29 77 82  1 57 62 17 17 73  4 95 75 33  8 66 97 15 69 48  8  8 76 51 10 57 70 33 44 41 39 10 80 11  6 36 14 
68 17 71  0 50 31 93 52 19 35 10 32 22 64 98 75 79 19 60 79 96 32 63 50 72 60 62 86 63 73 86 44 14  8 45 36 80  3 100 80 77 58 42 53 75 34 41 72  2 82  2 59 83 21 36  6 29 81 23 34 
15 74 27 50  0 51 74 91 14 39 14 31  8 61 34 56 42 63 30 81 37 79 48 44 64 70 33  8 76 47 100 51 40 76  8  7 36 19 100 46 86 26 28 28 35 51 26 29 64 55 39 28 25 13 29 15 29 87  4 78 
92 28 72 31 51  0  4 74 81 44 36 38 45 63 99  2 47 55 85 17 29 95 44 20 48 93 76 74 48 90 14 94 55 77 73 78 41 95 78 64 100 73 28  2 18 58 95 40 97 26 13  5 47  1 13 72 16 27 51 99 
 7 90 39 93 74  4  0 37 68 72 63 35 59 90 95 21 36 17 58 94 51 64 52 58 20 26 90  2 23 55 89 90 83  2 24 37 18 17  9 19 47 64 83  6 94 78 16 31 22  1 10 87 99 20 67 55 36 91 56 70 
28 53  5 52 91 74 37  0 21 62  1 70 60 52 81 12 57  3 27 19 17 51 91 47 81 85 13 85 33 86 90 20 99 80 54 94 68 31 16 67 50 52 33 49 19 83 72 63 90  1 24 67 14 57 20 86 22 87 74 88 
 4 95  5 19 14 81 68 21  0 27 85 67 12 29 48 51 25 59 59 74  1 74 68  1 63 77 63  7 22 20 45 17 28 74 70 19 70 67 90 46 32 55 11 39  6 45 30 58 37 35 77 72 19 95 59 39 19 51 28 94 
48 36 56 35 39 44 72 62 27  0 47 62 59 77 89 30 54 47 93  1 68 12 37  9 45 22 12 79 21 29 26 61 29 23 65 86  8 57 81 74 11  9 36 93 53 49 27  8 38 64 90 51 64 100 45 85 85 75 12 73 
75 52 86 10 14 36 63  1 85 47  0 30 54 50 26 92 81 10 84 74 87  5  1 32 54 23 16 76 99 20 38 37 17 35  6 16 87 61 51 14 47 18 78 48 37  2 82 59 90 30 11 57 65 20 19 66 74 46 51 38 
78  7  6 32 31 38 35 70 67 62 30  0 94 35 44 43 100 21  2 51 14 79 84  5 11 99 95 83  8  7 88 41 89 56 76 18 80 16 50 30 47 61 56 86 51  2 52  7 57  8 99 91 88 61 35 20 34 49 92 68 
42 98 33 22  8 45 59 60 12 59 54 94  0 51 67 38 29 81 99 62 23 28 35 96 79 79 60 46 48 73 12 48 17  5 100 31 40 82  1 45  7 88 74 93 91 56 48 87 92 43 26 90 37 20 78 42 54 34 30 100 
76 82 61 64 61 63 90 52 29 77 50 35 51  0 42 55 83 72 69 59 28  9 65 98 84 38 72 58 92 81 31  4  9 34 56 44 28 16 41 68 73 32  4 20  2 73 10 36 90 64 84 69 70  4 11 73 61  2 28 48 
48 72 70 98 34 99 95 81 48 89 26 44 67 42  0 87 65 94 99  1 38 61 67 19 27 46 45 57 38 45 45 27 72 13 96 100 58 28 22 74 85 92 96 100 55 17 70 67 98 54 11 61 55 42  2 26 46 54 98 88 
61 21 81 75 56  2 21 12 51 30 92 43 38 55 87  0 89  8 20 82 15 98 17 34 85 76 48 59 70 86 73 18 33 49 82  2 27 10 51 70 79 45 22 67 88 29 34 79 29 58 70  6 36 81 19 81 97  4 67 67 
17 35 44 79 42 47 36 57 25 54 81 100 29 83 65 89  0 76 14 26 69 32 92 53 71 68 61  7 39 82 86 14 52 99 48 36 60 20 59 76 47 78 63 32 95 10 63 73 75 29 32 45 12 75 77 63 27 25 77 81 
72 48 63 19 63 55 17  3 59 47 10 21 81 72 94  8 76  0 67 36 76  6 88  4 63 59 78 93 81 77 76 22 89 53 10 66 60  2 56 21 23 87 78 96 81 11 79 52 77 64 33 58 55 70 66 70 87 40 64 17 
95 21 40 60 30 85 58 27 59 93 84  2 99 69 99 20 14 67  0  8 24 45 27 69 85 60 63 92 99 52 91 62 28 85 10  3  3 18 69 29 20 42 84 43 96 96  2 69 90 93  6 31 81 34 58 92 63 84 92 84 
48 56  3 79 81 17 94 19 74  1 74 51 62 59  1 82 26 36  8  0 40 38 55 92 11 67 40 75 20 58 42 66 96 14 21 56 14 73 19 65 43 88 58 67 23 23 57 18 11 84 38 93 95 96 39 16 22  4 83 17 
72 79  3 96 37 29 51 17  1 68 87 14 23 28 38 15 69 76 24 40  0 49 31 30 65 71  8 49 38 23 55 95 94 100 99 82 57 44 95 49  5 16 99 58  6 51  1 38  7 24 42 83 23 81 83 25 37 18  4 44 
46 49 80 32 79 95 64 51 74 12  5 79 28  9 61 98 32  6 45 38 49  0 11 56 34 97 60 46 96 62 71 62 14 38 85 44 82 94 25 55 15 45 92 29 25 93 41 87 27 39 26 27 64 69 18 75 94 10 95 82 
19 60 22 63 48 44 52 91 68 37  1 84 35 65 67 17 92 88 27 55 31 11  0 47 64  3 79 25  2 31 19 51 13 64 72  2 79 28 57  2 25 54 39 92  1 87 64 99 99 63 80 16 41  9 19 46 79  1 95 99 
72 65  3 50 44 20 58 47  1  9 32  5 96 98 19 34 53  4 69 92 30 56 47  0 29 91 15 40  5 84 59 46 43 88 11  7 98 69 10 13 70 29 45 14 30 60 84 84  8 99 92 79 55 62 12 49 27 48 16  1 
93 79 29 72 64 48 20 81 63 45 54 11 79 84 27 85 71 63 85 11 65 34 64 29  0 95 84 58 43 55 18 97 17 54  8 38 21  3 41 43  4 85 54 51 63 68 92 93 86 77 50 11 62 16 66 14 10 63 86 34 
34 96 77 60 70 93 26 85 77 22 23 99 79 38 46 76 68 59 60 67 71 97  3 91 95  0 90 16 31 23 62 52 14 21 23 76 43 24 33 71 47 55 93 21 22 56 39 83 61 39 91 40 100  6 67 94 17 13 65 99 
 6 69 82 62 33 76 90 13 63 12 16 95 60 72 45 48 61 78 63 40  8 60 79 15 84 90  0 85 36 24 21 24 65 62  4 77 39 21 91 45 42 58 41 25 90 81 24 79 34 77 24 51 29 42 72 70 53 30 89 63 
55 38  1 86  8 74  2 85  7 79 76 83 46 58 57 59  7 93 92 75 49 46 25 40 58 16 85  0 77 75 46 64 48 26 81 87  7 47 53 56 23 99  3 41 50 63 74 12 89 69 100 87 26 99 30 56 60 12 64 38 
86 99 57 63 76 48 23 33 22 21 99  8 48 92 38 70 39 81 99 20 38 96  2  5 43 31 36 77  0 40 100 14 64 84 54 15 57 55 93 72 25 83 13 36  5 16 58 95 74 73 92 87 82 60 61 24 91 79 63  2 
63 98 62 73 47 90 55 86 20 29 20  7 73 81 45 86 82 77 52 58 23 62 31 84 55 23 24 75 40  0 26  3 70  7 53 28 56 97 97 32 82 79 39 73 29 94 59 24 68 43 84  4 41 89 26 97 67  9 24 83 
64 78 17 86 100 14 89 90 45 26 38 88 12 31 45 73 86 76 91 42 55 71 19 59 18 62 21 46 100 26  0 32 42 11 82 62 19 25 59 18 14  1 93 28  1 96 85 81 33 85 87 63 41 77 94 48 16 61 52 55 
69 49 17 44 51 94 90 20 17 61 37 41 48  4 27 18 14 22 62 66 95 62 51 46 97 52 24 64 14  3 32  0 95 66 100 68 25 99 37 64 37 84 31 27 62 11 43 52 94 61 28 96 49 30 25 75 13 57 58 54 
 2 83 73 14 40 55 83 99 28 29 17 89 17  9 72 33 52 89 28 96 94 14 13 43 17 14 65 48 64 70 42 95  0 41 74 38 73 51 99 80 51 82 57 91 37 16 25 78 76 56 53 23  1 97 95 14 16  9 90 87 
83 49  4  8 76 77  2 80 74 23 35 56  5 34 13 49 99 53 85 14 100 38 64 88 54 21 62 26 84  7 11 66 41  0 16 33 92  8 64 62  2 47 64 26 16 82 67 17 83 52 16 58 70 59  9 60 28 63 36 63 
84  5 95 45  8 73 24 54 70 65  6 76 100 56 96 82 48 10 10 21 99 85 72 11  8 23  4 81 54 53 82 100 74 16  0 31 52 65 76 92 68 34 30 48 53 32 98 84 88 36 93  9 42 77 35 17 46 23 66 94 
10 84 75 36  7 78 37 94 19 86 16 18 31 44 100  2 36 66  3 56 82 44  2  7 38 76 77 87 15 28 62 68 38 33 31  0  1 12 86 81 55 16 45  5 79 32 26 24 48 48 51 12 90 52 77 64 95 98 67 85 
 1 57 33 80 36 41 18 68 70  8 87 80 40 28 58 27 60 60  3 14 57 82 79 98 21 43 39  7 57 56 19 25 73 92 52  1  0 57 98 46 25  5 53 37 29 43 34 21  8 23 42 60 41 71 24 38 91 58  5  7 
16 48  8  3 19 95 17 31 67 57 61 16 82 16 28 10 20  2 18 73 44 94 28 69  3 24 21 47 55 97 25 99 51  8 65 12 57  0 50 83 16 64 85 83 36 21 21 14 60 86 74 31 10 45 80 12 97 76 29 70 
48 47 66 100 100 78  9 16 90 81 51 50  1 41 22 51 59 56 69 19 95 25 57 10 41 33 91 53 93 97 59 37 99 64 76 86 98 50  0 10 11 55 80 87 82 64 48 96 69 36 64  2 11  8 11 18 26 93 49 16 
99 76 97 80 46 64 19 67 46 74 14 30 45 68 74 70 76 21 29 65 49 55  2 13 43 71 45 56 72 32 18 64 80 62 92 81 46 83 10  0 10 19 88 73 29 55 17 35 14 91 42 27 32 21 34 67 19 76 45 73 
64 61 15 77 86 100 47 50 32 11 47 47  7 73 85 79 47 23 20 43  5 15 25 70  4 47 42 23 25 82 14 37 51  2 68 55 25 16 11 10  0 73 20  3 77 52 92 68 72 64 15 24 84 28 49 49  8 21 20 77 
17 83 69 58 26 73 64 52 55  9 18 61 88 32 92 45 78 87 42 88 16 45 54 29 85 55 58 99 83 79  1 84 82 47 34 16  5 64 55 19 73  0 89 14 46 21 23 10  3 90 64 57 96 94 45 70 37 65 94  4 
 4 23 48 42 28 28 83 33 11 36 78 56 74  4 96 22 63 78 84 58 99 92 39 45 54 93 41  3 13 39 93 31 57 64 30 45 53 85 80 88 20 89  0 84 83 68 92 89 36 40 62 28 52  8 33 54 55  2  3 27 
24 58  8 53 28  2  6 49 39 93 48 86 93 20 100 67 32 96 43 67 58 29 92 14 51 21 25 41 36 73 28 27 91 26 48  5 37 83 87 73  3 14 84  0 90 30 58 88 70 99 71 97 55 86 93 67 61 78 86 60 
42 60  8 75 35 18 94 19  6 53 37 51 91  2 55 88 95 81 96 23  6 25  1 30 63 22 90 50  5 29  1 62 37 16 53 79 29 36 82 29 77 46 83 90  0 50  5 19 99 92  2 73  7 18 95 10 17 84 44 64 
87 78 76 34 51 58 78 83 45 49  2  2 56 73 17 29 10 11 96 23 51 93 87 60 68 56 81 63 16 94 96 11 16 82 32 32 43 21 64 55 52 21 68 30 50  0 10 89 16 81 43 45  7 82 35 54 39 55 91 48 
94 58 51 41 26 95 16 72 30 27 82 52 48 10 70 34 63 79  2 57  1 41 64 84 92 39 24 74 58 59 85 43 25 67 98 26 34 21 48 17 92 23 92 58  5 10  0 14 98 29 68 67 24 74 96 19 43 53 43 91 
72 79 10 72 29 40 31 63 58  8 59  7 87 36 67 79 73 52 69 18 38 87 99 84 93 83 79 12 95 24 81 52 78 17 84 24 21 14 96 35 68 10 89 88 19 89 14  0 15 30 83 25  2 83 33 27 85 80  4 81 
46 45 57  2 64 97 22 90 37 38 90 57 92 90 98 29 75 77 90 11  7 27 99  8 86 61 34 89 74 68 33 94 76 83 88 48  8 60 69 14 72  3 36 70 99 16 98 15  0  9  6 90 73 78 66 66 16 97 44 87 
51 20 70 82 55 26  1  1 35 64 30  8 43 64 54 58 29 64 93 84 24 39 63 99 77 39 77 69 73 43 85 61 56 52 36 48 23 86 36 91 64 90 40 99 92 81 29 30  9  0 48 40  4 49 74 63 89 53 16 99 
55 75 33  2 39 13 10 24 77 90 11 99 26 84 11 70 32 33  6 38 42 26 80 92 50 91 24 100 92 84 87 28 53 16 93 51 42 74 64 42 15 64 62 71  2 43 68 83  6 48  0 19 61 54 96 31 22 28 91 86 
28  1 44 59 28  5 87 67 72 51 57 91 90 69 61  6 45 58 31 93 83 27 16 79 11 40 51 87 87  4 63 96 23 58  9 12 60 31  2 27 24 57 28 97 73 45 67 25 90 40 19  0 51 72 86 30 11 94  1 79 
52 63 41 83 25 47 99 14 19 64 65 88 37 70 55 36 12 55 81 95 23 64 41 55 62 100 29 26 82 41 41 49  1 70 42 90 41 10 11 32 84 96 52 55  7  7 24  2 73  4 61 51  0 34  2  6 69 71 75 49 
39 84 39 21 13  1 20 57 95 100 20 61 20  4 42 81 75 70 34 96 81 69  9 62 16  6 42 99 60 89 77 30 97 59 77 52 71 45  8 21 28 94  8 86 18 82 74 83 78 49 54 72 34  0  1 61 10 86 77 98 
 2 48 10 36 29 13 67 20 59 45 19 35 78 11  2 19 77 66 58 39 83 18 19 12 66 67 72 30 61 26 94 25 95  9 35 77 24 80 11 34 49 45 33 93 95 35 96 33 66 74 96 86  2  1  0 85 48 57 34 25 
25 99 80  6 15 72 55 86 39 85 66 20 42 73 26 81 63 70 92 16 25 75 46 49 14 94 70 56 24 97 48 75 14 60 17 64 38 12 18 67 49 70 54 67 10 54 19 27 66 63 31 30  6 61 85  0 22 68 26 70 
28 90 11 29 29 16 36 22 19 85 74 34 54 61 46 97 27 87 63 22 37 94 79 27 10 17 53 60 91 67 16 13 16 28 46 95 91 97 26 19  8 37 55 61 17 39 43 85 16 89 22 11 69 10 48 22  0 26 13 53 
 1 59  6 81 87 27 91 87 51 75 46 49 34  2 54  4 25 40 84  4 18 10  1 48 63 13 30 12 79  9 61 57  9 63 23 98 58 76 93 76 21 65  2 78 84 55 53 80 97 53 28 94 71 86 57 68 26  0 94 39 
48 40 36 23  4 51 56 74 28 12 51 92 30 28 98 67 77 64 92 83  4 95 95 16 86 65 89 64 63 24 52 58 90 36 66 67  5 29 49 45 20 94  3 86 44 91 43  4 44 16 91  1 75 77 34 26 13 94  0 24 
37 11 14 34 78 99 70 88 94 73 38 68 100 48 88 67 81 17 84 17 44 82 99  1 34 99 63 38  2 83 55 54 87 63 94 85  7 70 16 73 77  4 27 60 64 48 91 81 87 99 86 79 49 98 25 70 53 39 24  0 

 0 16  8 77 81 86 17 53 88 19 69 75 71  6 59 48  3 47 33 94 54 19  6 48 43 80 56  9 32 11 96 82 99 54 71 98 36 92 25 75 23 63 36 35 20 89 96 96 67 58 82 86  9 35  9 97 13 35 83 63 
16  0 15 88 94 99 61 59 51 83 48 98 40 71 52 58 91 82 70 25 55  2 51 79  1 40 67 93 82 72 30 71 12 18 55 18 45 27 79  3 26 92 66 49 37 63 99 74 67  5 28 87 32 87 79 94 95 25 47 18 
 8 15  0 83 94  7 32 96 37 42 61 43 92 51  1 24 29 49 65 58 81 43 69 45 30 97 84 77 82 63 83 68 40 92 25 23 42 18 21  2 74 97 82 53 73 83 41 66 93 38 58 49 65 51 84 86 15 33 30  8 
77 88 83  0 28 80 24 74 11 27 23 91 100 71 51 26 99  3 73 57 44 31 28 87  8 12  3 94 71 63 97 44 46 85 96 40 55 76 79 64  6 74  4 19 88 30  5 90 77 73 99  2 49 29 21 26 55 82 85 96 
81 94 94 28  0 32 31  4 21 15 83 65 83 92 47  9 68 83 24 33 23 44 15  1 76 17 21 77 83 49  7 18 69 17 35 92 58 55 78 90 44 16 94 75 58 18 73 54  9 78 31 43 77 25 85 52 21 17 16 78 
86 99  7 80 32  0 77 36 85 85 54 64 62 23 72 10 58 16 97 36 43 79 42 33 31 17 42 31 74 35 74 42 38 84 56 31 88 66 45 85 83 54 29 15 75 68 42 85 38 48 47 19  5 71 53 91 43 31 61 72 
17 61 32 24 31 77  0 74 71 86 79 18 90 48 91 55 50 35 63 37 36 29 98 67 75 33 61 37 45 94 74 39  4 23 90 26 32 93 10 26 77 93 48 84 30 69 22 97  8 12 61 75 58 30 44 53 48 25 36 55 
53 59 96 74  4 36 74  0 15 93 30 13 78 72 93 89 10 33 59  7 32 70  1  6 20 53 95 56 76 85 17 47 55 67  8 13 12 76 63 29 35 74 93 22 61 17  1 57 77 97 93 50 82 62 40 60 35  4 89 15 
88 51 37 11 21 85 71 15  0 13 92 28 60 27 26 65 24  6 66 100 12 31 66 38 50 28 54 80 28 57 83 73 17 66 99 84 12 60 49 33 32 19 32 16 94 89 90 26 14  9 66 100 12  3 41 37 53 20 22 67 
19 83 42 27 15 85 86 93 13  0 37 83 50  4 88 74 14 56 95 48 85 79 39 64 95 10 78  7  3  2 63 71 31 23 41 48  8 32 90 53 40 99  1  4 70  1 22  5 13 71 26 17 78 98 92 14 25 91  1  1 
69 48 61 23 83 54 79 30 92 37  0 97  4 46 32 56 78 60 50 57 29  8  5 45 69 73 58 56  7 81 42 89 12 54 62 100 23 51 96 91 75 51 92 93 18 12 34 33 36 12 84 97 70 67 13 15 55 69 50 77 
75 98 43 91 65 64 18 13 28 83 97  0 98 96 93 70 68 54 59  2 67 44 38 40 75 71 79 33 42 66 98 68  2  5 44 44 65  8 74 74 58 35  7  6 39 51 95 98 95 79 52 30 40 31 91  3 60  4 78 77 
71 40 92 100 83 62 90 78 60 50  4 98  0 45 36 81 55 67 12 90  9  6 16  7 48 24 33 84 46 86 18 22 71 80 15 88 40 89 21 33 75 31 22 94 36 18 11 35 16 62 92 95 62 71 73 86 21 14 30 25 
 6 71 51 71 92 23 48 72 27  4 46 96 45  0  6  5 52 88 84 42 62 32  7 33 12 71 18 84 28 13 73 57 92 59 86 44 16 92 13 88 98  6 52 17 79 44 28 76 38 33 99 93 95 13 91 27 51 10 74 47 
59 52  1 51 47 72 91 93 26 88 32 93 36  6  0 41 99 25 62 42 90 42 40 14 56 58 92  4 82 90 30  8 30 72 55 51 44  3  9 21 83 31 92 22 62 76  7 61 23 11  6 41 42 89 25 11 81 11 39 77 
48 58 24 26  9 10 55 89 65 74 56 70 81  5 41  0 64 11 16 10 69 47 28 65 35 64 17 44 48 38 63 28 78 56 80 54 62 74 47 52 72 97  6 75  3 79 78 23 14 53 94 19 78 98 26 49 77 63 100 96 
 3 91 29 99 68 58 50 10 24 14 78 68 55 52 99 64  0 29 42 86  3 32 73 17 62 42 76 10  7 53 73  9  3 85 56 44 99 55 42 75 73 76  8 92 88 89 42  4 44 31 22 16 52 26 71 53 68 83 10 71 
47 82 49  3 83 16 35 33  6 56 60 54 67 88 25 11 29  0  9 32 74  4 54 36  5  4 52 69  9 48 49 68 51 67 92  6 55 63  4 74 99 83 88  1 78  4 92 25 47 33 31  6 84 46 13 46 64 52 87  3 
33 70 65 73 24 97 63 59 66 95 50 59 12 84 62 16 42  9  0 51 52 86  6 58 70 72 68 35 85 40 15 95 52 28 44 73 88 25 58 39 99  2 20 52 66 72 24 39  8  3 22 66 88 35 39 37 31 58 94 87 
94 25 58 57 33 36 37  7 100 48 57  2 90 42 42 10 86 32 51  0 81 92 22 44 11 65 57 98 27 80 40 22 98 57 84 66 49 24 85 85 44 100 91 89 57  7 91 25 88 27 48 39 43 29 51 98 39 35  1 60 
54 55 81 44 23 43 36 32 12 85 29 67  9 62 90 69  3 74 52 81  0 25 34 40 57 41 39  9 94 40 31  8  1 59 10 90 55 93 39 14 17 37 93 66 74 10 46 27 34 64 48 13  2  9 82 60 73 28 45  1 
19  2 43 31 44 79 29 70 31 79  8 44  6 32 42 47 32  4 86 92 25  0 20 30 77 71 25 30 37 58 46  7 48 96 16 78 42 25  3 18 53 47 63  4  8 32 31 75 31 75 62 49 86 90 43 18 16 74 10 48 
 6 51 69 28 15 42 98  1 66 39  5 38 16  7 40 28 73 54  6 22 34 20  0 92 55 67 80 97 73 90  4 63  2 26 31 91 80 37 94 87 51 47 90 29 55 48  3  3 77 76 52 48 67 96 35 78 15 50 24 74 
48 79 45 87  1 33 67  6 38 64 45 40  7 33 14 65 17 36 58 44 40 30 92  0 91 23 12 38 62 93 44 51 86 56  7 60 46 81 87 40 75 39 57 10 61 71 32 14 58 91  3 59 86 46  7 52 11 44 79 72 
43  1 30  8 76 31 75 20 50 95 69 75 48 12 56 35 62  5 70 11 57 77 55 91  0 35 89 13 71 52  8 60 63 24 19 79 67 75 26 61 96 26 21 93 50 82 55 39 61 91 61 26 31 94 33 10  1 36 68 41 
80 40 97 12 17 17 33 53 28 10 73 71 24 71 58 64 42  4 72 65 41 71 67 23 35  0 42 91 13 33 50  6 97 95 30 39 27 99 25 49 92  4  4 13 57 80 47 58 46 90 14 69 16 71 82 98 82 84 36 95 
56 67 84  3 21 42 61 95 54 78 58 79 33 18 92 17 76 52 68 57 39 25 80 12 89 42  0 94 93 61  9 36 61 85 68 51 57 27  1 94 69  1 39 55 27 38 41 32 28 22 57 66 81 67 84 34 93 54 23 56 
 9 93 77 94 77 31 37 56 80  7 56 33 84 84  4 44 10 69 35 98  9 30 97 38 13 91 94  0 24 75 27 96 92 60 31  8 99 27 72  3 69 82 88 80 22 41 91 55 100 48 81 38 93 71 58  8 87 18 96 65 
32 82 82 71 83 74 45 76 28  3  7 42 46 28 82 48  7  9 85 27 94 37 73 62 71 13 93 24  0 19 64 98 50 24 88 94 37 13 80 70 59  9 31 90  8 16  6 59 52 21  5 59 15 61 92 27 42 91 55 68 
11 72 63 63 49 35 94 85 57  2 81 66 86 13 90 38 53 48 40 80 40 58 90 93 52 33 61 75 19  0 59 41 95 55 100 13 43 23 84 88 66 62 20 80 86 91 100 96 54 19 85 51 92 20 89 22 43 92 36 82 
96 30 83 97  7 74 74 17 83 63 42 98 18 73 30 63 73 49 15 40 31 46  4 44  8 50  9 27 64 59  0 20 21 68 21  5 97 27 50 40 25 55 87 98  4 49 98 54 24 76 36 38  1 50 14 49 96  1 19 91 
82 71 68 44 18 42 39 47 73 71 89 68 22 57  8 28  9 68 95 22  8  7 63 51 60  6 36 96 98 41 20  0 88 74 81 56 63 68 53 35 43 50 66 62 87 93 18 86 47  6 70  2 43 91 48 92 44 54 42 92 
99 12 40 46 69 38  4 55 17 31 12  2 71 92 30 78  3 51 52 98  1 48  2 86 63 97 61 92 50 95 21 88  0 40 99 84 64 74 32 77 48  9 66 64 74 84 73 44 37 12 29 21 48 49 12 90 98  9 89 17 
54 18 92 85 17 84 23 67 66 23 54  5 80 59 72 56 85 67 28 57 59 96 26 56 24 95 85 60 24 55 68 74 40  0 35 62 15 21 51 13 63 66 29 96 49 47 87 75 68 79 75 65 13 63 30  1 78 59 100 69 
71 55 25 96 35 56 90  8 99 41 62 44 15 86 55 80 56 92 44 84 10 16 31  7 19 30 68 31 88 100 21 81 99 35  0 59 13 95 97 71 15 82 69 93 90 84 90 40 24 34 61 51 54  1 14 68 64  3 45 70 
98 18 23 40 92 31 26 13 84 48 100 44 88 44 51 54 44  6 73 66 90 78 91 60 79 39 51  8 94 13  5 56 84 62 59  0 25  2 52 84 99 59 69 91 48  4 79 58 82 59 33 11 39 36 93 96 57 44  1 42 
36 45 42 55 58 88 32 12 12  8 23 65 40 16 44 62 99 55 88 49 55 42 80 46 67 27 57 99 37 43 97 63 64 15 13 25  0 36 16 36 99 65 44 72 100 27 72 61 25 19 92 25 13 67 10 36 76 72 44  4 
92 27 18 76 55 66 93 76 60 32 51  8 89 92  3 74 55 63 25 24 93 25 37 81 75 99 27 27 13 23 27 68 74 21 95  2 36  0 38 54 41 18 12  9 95 70 77 60 68 14 55 88 68 36 47 46  7 75 19  4 
25 79 21 79 78 45 10 63 49 90 96 74 21 13  9 47 42  4 58 85 39  3 94 87 26 25  1 72 80 84 50 53 32 51 97 52 16 38  0 34 62 95 74 45 23 21 10 28 53 21 33 21 76 87 46 56 34 91  1 10 
75  3  2 64 90 85 26 29 33 53 91 74 33 88 21 52 75 74 39 85 14 18 87 40 61 49 94  3 70 88 40 35 77 13 71 84 36 54 34  0 59 58 76 13 43 10 16 62 54  2 48 57 20 12  7 57 65 85 88 67 
23 26 74  6 44 83 77 35 32 40 75 58 75 98 83 72 73 99 99 44 17 53 51 75 96 92 69 69 59 66 25 43 48 63 15 99 99 41 62 59  0 26 92 56 58 68 92 57 37 70 71 99 17 26  6 34 15 73 12  9 
63 92 97 74 16 54 93 74 19 99 51 35 31  6 31 97 76 83  2 100 37 47 47 39 26  4  1 82  9 62 55 50  9 66 82 59 65 18 95 58 26  0 33 79 99 60 96 14 17 23  4 100 74 13 34 75 16 62 31  8 
36 66 82  4 94 29 48 93 32  1 92  7 22 52 92  6  8 88 20 91 93 63 90 57 21  4 39 88 31 20 87 66 66 29 69 69 44 12 74 76 92 33  0 48 11 73 31 80 28 93 96 100 76  9 56 62  2  9 89 91 
35 49 53 19 75 15 84 22 16  4 93  6 94 17 22 75 92  1 52 89 66  4 29 10 93 13 55 80 90 80 98 62 64 96 93 91 72  9 45 13 56 79 48  0 43 99 62 22 27 72 48 58 86 23  4 88 91 64 61  8 
20 37 73 88 58 75 30 61 94 70 18 39 36 79 62  3 88 78 66 57 74  8 55 61 50 57 27 22  8 86  4 87 74 49 90 48 100 95 23 43 58 99 11 43  0 82 97 91 25 18  6 96 76 63 61  7 32 54 17 98 
89 63 83 30 18 68 69 17 89  1 12 51 18 44 76 79 89  4 72  7 10 32 48 71 82 80 38 41 16 91 49 93 84 47 84  4 27 70 21 10 68 60 73 99 82  0 20 46 82 69 21  6 45 16 77 74 30 71  8 35 
96 99 41  5 73 42 22  1 90 22 34 95 11 28  7 78 42 92 24 91 46 31  3 32 55 47 41 91  6 100 98 18 73 87 90 79 72 77 10 16 92 96 31 62 97 20  0 43 84  7 99 71 87 48 44  2 41 66 52 10 
96 74 66 90 54 85 97 57 26  5 33 98 35 76 61 23  4 25 39 25 27 75  3 14 39 58 32 55 59 96 54 86 44 75 40 58 61 60 28 62 57 14 80 22 91 46 43  0 89 27 96 40 48 95 87 42 26 93 97 13 
67 67 93 77  9 38  8 77 14 13 36 95 16 38 23 14 44 47  8 88 34 31 77 58 61 46 28 100 52 54 24 47 37 68 24 82 25 68 53 54 37 17 28 27 25 82 84 89  0 20 20  4 26 19 16 67 30 85 74 70 
58  5 38 73 78 48 12 97  9 71 12 79 62 33 11 53 31 33  3 27 64 75 76 91 91 90 22 48 21 19 76  6 12 79 34 59 19 14 21  2 70 23 93 72 18 69  7 27 20  0 63 100 30 41 26  7 22 25 69 57 
82 28 58 99 31 47 61 93 66 26 84 52 92 99  6 94 22 31 22 48 48 62 52  3 61 14 57 81  5 85 36 70 29 75 61 33 92 55 33 48 71  4 96 48  6 21 99 96 20 63  0 40 16 13 11 83 28 63 52 89 
86 87 49  2 43 19 75 50 100 17 97 30 95 93 41 19 16  6 66 39 13 49 48 59 26 69 66 38 59 51 38  2 21 65 51 11 25 88 21 57 99 100 100 58 96  6 71 40  4 100 40  0 67 64 15 70  3 60 45 82 
 9 32 65 49 77  5 58 82 12 78 70 40 62 95 42 78 52 84 88 43  2 86 67 86 31 16 81 93 15 92  1 43 48 13 54 39 13 68 76 20 17 74 76 86 76 45 87 48 26 30 16 67  0 54  4 86 64  5 60 80 
35 87 51 29 25 71 30 62  3 98 67 31 71 13 89 98 26 46 35 29  9 90 96 46 94 71 67 71 61 20 50 91 49 63  1 36 67 36 87 12 26 13  9 23 63 16 48 95 19 41 13 64 54  0 81  9 93 90 88  3 
 9 79 84 21 85 53 44 40 41 92 13 91 73 91 25 26 71 13 39 51 82 43 35  7 33 82 84 58 92 89 14 48 12 30 14 93 10 47 46  7  6 34 56  4 61 77 44 87 16 26 11 15  4 81  0 97 14 46 32 96 
97 94 86 26 52 91 53 60 37 14 15  3 86 27 11 49 53 46 37 98 60 18 78 52 10 98 34  8 27 22 49 92 90  1 68 96 36 46 56 57 34 75 62 88  7 74  2 42 67  7 83 70 86  9 97  0  3 51 48 17 
13 95 15 55 21 43 48 35 53 25 55 60 21 51 81 77 68 64 31 39 73 16 15 11  1 82 93 87 42 43 96 44 98 78 64 57 76  7 34 65 15 16  2 91 32 30 41 26 30 22 28  3 64 93 14  3  0 94 49 93 
35 25 33 82 17 31 25  4 20 91 69  4 14 10 11 63 83 52 58 35 28 74 50 44 36 84 54 18 91 92  1 54  9 59  3 44 72 75 91 85 73 62  9 64 54 71 66 93 85 25 63 60  5 90 46 51 94  0 59 79 
83 47 30 85 16 61 36 89 22  1 50 78 30 74 39 100 10 87 94  1 45 10 24 79 68 36 23 96 55 36 19 42 89 100 45  1 44 19  1 88 12 31 89 61 17  8 52 97 74 69 52 45 60 88 32 48 49 59  0  7 
63 18  8 96 78 72 55 15 67  1 77 77 25 47 77 96 71  3 87 60  1 48 74 72 41 95 56 65 68 82 91 92 17 69 70 42  4  4 10 67  9  8 91  8 98 35 10 13 70 57 89 82 80  3 96 17 93 79  7  0 

 0 18 85 93 95 43  5 23 49 11 49 95 74 14 77 87 37 35  8 47 86 81 83 17 93 29  5 81 62 79 25 36 26 54 24 74 12 12 87  3  4 100 82 20 37 44 48 84 26 15 76 32 26 96 75 85 100 39 62 62 
18  0 54 13 86 25 50 83 17 88 94 52  6  6  5 64 17 95  1 15 84  9 48 79 26 16 23 42 56 37 89  6 75 76 75 83 25 59 75 65 22 49 50 90  8 43 72  8 50 42 24 62 46 35 17 68 79 15 21 55 
85 54  0 83 47 28 85 16 67 70  4 23 83 99 77 87 44 70 22 24 61 70 39 97 89 13 27 14 50 61  2 86 98 35 36 14 84 25 43 68 66 40 47  3 83 66 48 54 32 61 76 16 52 36 17 83 39 59 39 17 
93 13 83  0 69 70 11 20 18 38 46 76 81  2 98 11 81 88 55 46 37 74 40  8 34 85 24 90 73 83 83 17 69 67 31  1 56 55 87 17 66 90 39 49 19 70 95 83 54 38 63 50 13 11 46 91 12 51 71 63 
95 86 47 69  0 27 24 60  1 42 40 30 77 45 74 32 64 44 88 84 96 74 97 58 55 46 31 39 83 41 33 62 33 67 54 65 92 44 48 54 49 75 26 69 11 58 83 63 33 98 47 43 67 73 48 85 60 44 47 79 
43 25 28 70 27  0 96 40 77 10 64 33 91 67  4 97 57  8 79 84 84 73  6 81 69 14 90 40 87 10 84 99 10 30 77 30 21 53  4 95 67  4 23 16 22 73 53 28 36 74  8 38  7 64 72 11 43  3 78 35 
 5 50 85 11 24 96  0 28 23 23 74 58 94 10 99 25 15 68 20 88 13 68 18 49 78 45 67 39 83 85 98 38 33 72 43 77 78 67 33 80  7 84 78 81 19 72 50 100 57 68 87 43 58 90 51 90 11 64 77  2 
23 83 16 20 60 40 28  0 74 86 94 90 72 44 68 61  3 66 69 35 41 47 53 46 42 39 65 84 49 44 66 43  6 52 14 79 22 19 70 90 87 45 45 49 97 52 48 16 41 80 37 22 38 89 20 46 89 32 71 53 
49 17 67 18  1 77 23 74  0 39 18 33 44 72 15 86  6 74 50 67 87 51 63 28 67 60 14  3 86 74 80 93 73 51 84 71 68 12 30 42 41 61 79 90 61 100 49 100 42 57 72  6 46 17 79  3 79 26 46 14 
11 88 70 38 42 10 23 86 39  0 67 23 57 34 61 10 92  4 14 74 96 19 89 65 93 23 93 52 11 92 93 60 94 99 67 25 62  9 68 35 54 51  7 82 92 55 80 27 16 95 83 56 18 81 12  1 78 13 14 35 
49 94  4 46 40 64 74 94 18 67  0 77 37 53 31 23  7 85 70 13 98 42  1 51 88 10 73 83 54 96 29 14 94 74 78 64 82 94  5 78 73 99 80 30 28 57 79 31 40 76 85 40 83 55 71 36 53 73 88 99 
95 52 23 76 30 33 58 90 33 23 77  0 32 17 22 96 14 38 22 56 57  3 39 20 78 93  5 24 68 42 12 70 91 18 13 81 10 29 36 86 90 35  1 19 65 11 99 41 15  5 79 34 38 85  7 57 45 48  9 90 
74  6 83 81 77 91 94 72 44 57 37 32  0 13 19  2 80 25 92 71 67 59 54 87 57  7 22 74 42 32 98 98 63 47 62 57 80 93 19 45 84 82 18 33 42 30 51 22  2 22 53 81 29 96 70 10 74 23 59  2 
14  6 99  2 45 67 10 44 72 34 53 17 13  0 91 72 58  3 13 40 34 97 63 40 41 96 11 13 61 78 76 91 31 31 72 21 61 31 20 32 66 90  6 73 91 95  3  1 61 84 67 38 52 53 79 39  3 31 25 96 
77  5 77 98 74  4 99 68 15 61 31 22 19 91  0 45 32 11 37 32 11 84 12 68 46 98 57 26 88 42 32 10 38 74 91 30 76 20 89 96 51 91 33 47 60 47 82 78 50  9 46 15  3 25 73 69 20 43 44 11 
87 64 87 11 32 97 25 61 86 10 23 96  2 72 45  0 93 20 79 11  4 99 62 20 89 16 46 36 81 99 31 16 23 50 45 62 84 75 25  9 42 40 81 90 56 28 64 65 12  7 55 73 22 11 60 85 57 18 49  7 
37 17 44 81 64 57 15  3  6 92  7 14 80 58 32 93  0 54 90 74 65 40 80 59 88 96 51 49 12  7 77 70 35 48 88 88 38 62 79 48 26 72 71 69 24 56 85 63  9 59 82 72 17 76 75 63 51 11 43 70 
35 95 70 88 44  8 68 66 74  4 85 38 25  3 11 20 54  0 67  9 90 94 29 27 75 36 89 54 63 44 97 35  1  9 55 34 12 55 86 97 29  6 16 50 52 55 97 72 83 48 23 10 98 78 87 17 70 89 75 53 
 8  1 22 55 88 79 20 69 50 14 70 22 92 13 37 79 90 67  0 46 38 26 53 83  6  7 57 88 39  5 81 80 27 38 77 52 12 19 45 48 46 64 24 71 20 98 97 58 74  1 40 44 31 99 78 51 96 55 57 52 
47 15 24 46 84 84 88 35 67 74 13 56 71 40 32 11 74  9 46  0 80 21 11 61 82 36 41 87 53 61 91 99 38 30 79 44 85 55 35 72 61 31 73 27 100 79 30 81 19 87 18 56 90 69 95 72 49 17 35 77 
86 84 61 37 96 84 13 41 87 96 98 57 67 34 11  4 65 90 38 80  0 62 96 68 68 41 61 41 76 67 52 29 11 52 65 64 21 22 94  7 87 51 11 58 19 21 52 55 17 59 42 10 32 47 65 58 30 82 67 90 
81  9 70 74 74 73 68 47 51 19 42  3 59 97 84 99 40 94 26 21 62  0  1 53 56 69  5  7 42 31 97 17 15 57 39 90 35 64  8 55 64 11 49 46 91 61 45 93 82 60 82 87  5 87 62  6 97 88 61 72 
83 48 39 40 97  6 18 53 63 89  1 39 54 63 12 62 80 29 53 11 96  1  0 43 14 47 20 74 60 74 25 55 70 71 54 60 70 53  7  2 56 68 93 75 96 23 68 53 39 68  1 64 59 45 85 51 18 85 26 64 
17 79 97  8 58 81 49 46 28 65 51 20 87 40 68 20 59 27 83 61 68 53 43  0 57 25 56 56 68  1 60 41 45 21 70  4 75 40 84 36 84  4 11 22 25 46  4 68 31 25 88 100 52  2 83 19 99 55 49 97 
93 26 89 34 55 69 78 42 67 93 88 78 57 41 46 89 88 75  6 82 68 56 14 57  0 11 100 51 74 95 60  2 72 17 56 89 26 82  7  6 15 82 69  5 30 60 79 13  8  6  5 30 99 83 34 44 66 35 100 99 
29 16 13 85 46 14 45 39 60 23 10 93  7 96 98 16 96 36  7 36 41 69 47 25 11  0 90  6 42 34 33 33 20  9 74 95 35 61 73 46 58 45 74 51 79 93 29 29 32 72 18 86 30 20 54 77 47 70 57 97 
 5 23 27 24 31 90 67 65 14 93 73  5 22 11 57 46 51 89 57 41 61  5 20 56 100 90  0 22  7 55 99 15 42 57 22 20 41 50 11 44 29 81 74 54 40 25  1 95 30 60 85 12  6 32 23 44 50 51 24 34 
81 42 14 90 39 40 39 84  3 52 83 24 74 13 26 36 49 54 88 87 41  7 74 56 51  6 22  0 69 60 11 22 100 96 17 23 53  5 13 15 75 16 45 62 69  3 23 15 30 29 63 100 98 95 44 14 19 38 56  8 
62 56 50 73 83 87 83 49 86 11 54 68 42 61 88 81 12 63 39 53 76 42 60 68 74 42  7 69  0 63  2 11  2 61 79 83 84 75 88 81 32 64  7 23 94 40 39 38 94 49 97 27 90  1 60  4 35 85 98 80 
79 37 61 83 41 10 85 44 74 92 96 42 32 78 42 99  7 44  5 61 67 31 74  1 95 34 55 60 63  0 76 34 33  5 41  1 48 11 45 84 41 77 79 75 22 63 54 56  9 17 63 87 51 10 37 90  2 77 66 19 
25 89  2 83 33 84 98 66 80 93 29 12 98 76 32 31 77 97 81 91 52 97 25 60 60 33 99 11  2 76  0 32 57 39 85  2 60 64 35  4 70 16 23 18 81 23 35 79 21  4 25  2 15 29 77 16 73 16  8 41 
36  6 86 17 62 99 38 43 93 60 14 70 98 91 10 16 70 35 80 99 29 17 55 41  2 33 15 22 11 34 32  0 24 95  2 91 63 51 24 98 64 10 47  7 59 39 24 63 89  4 95 21 61 18 44 44 73 76 31 34 
26 75 98 69 33 10 33  6 73 94 94 91 63 31 38 23 35  1 27 38 11 15 70 45 72 20 42 100  2 33 57 24  0 42 61 57 31 50 93 85 70  1 84 56 94 82 46 20  8 11 51 91 38 94 88 77 87 16 20 12 
54 76 35 67 67 30 72 52 51 99 74 18 47 31 74 50 48  9 38 30 52 57 71 21 17  9 57 96 61  5 39 95 42  0 52 56 86  3  8 12 15 60 26 100 12 87 85 94 17 78 29 45 67 79 18 73 31 100 85 28 
24 75 36 31 54 77 43 14 84 67 78 13 62 72 91 45 88 55 77 79 65 39 54 70 56 74 22 17 79 41 85  2 61 52  0 43 71 75 39 47  8 91 79  3 95 99 63 79 44 27 57 85 80 64 11  1 11 66 12 68 
74 83 14  1 65 30 77 79 71 25 64 81 57 21 30 62 88 34 52 44 64 90 60  4 89 95 20 23 83  1  2 91 57 56 43  0 46 70  7 30 35 65 76 69 44 51 94 55  1 98 50 79  9 12 32 90 72 29 41 75 
12 25 84 56 92 21 78 22 68 62 82 10 80 61 76 84 38 12 12 85 21 35 70 75 26 35 41 53 84 48 60 63 31 86 71 46  0  3 61 37 90 25 25  9 75 100 97  7 18 42 16  9 66 10 17 77 16 66 27 100 
12 59 25 55 44 53 67 19 12  9 94 29 93 31 20 75 62 55 19 55 22 64 53 40 82 61 50  5 75 11 64 51 50  3 75 70  3  0 73 75 50 23 82 36 44 75 63 27 12 67 84 43  9 58  6 18 43 43 49 28 
87 75 43 87 48  4 33 70 30 68  5 36 19 20 89 25 79 86 45 35 94  8  7 84  7 73 11 13 88 45 35 24 93  8 39  7 61 73  0 38 64 11 37 64  5 98 73 56 88 12 23 12 42 37 24 83 48 33 46 11 
 3 65 68 17 54 95 80 90 42 35 78 86 45 32 96  9 48 97 48 72  7 55  2 36  6 46 44 15 81 84  4 98 85 12 47 30 37 75 38  0 23 85 45 53 13 78 26 67 24 15 57 18 27 30 35 26 47  3 38 40 
 4 22 66 66 49 67  7 87 41 54 73 90 84 66 51 42 26 29 46 61 87 64 56 84 15 58 29 75 32 41 70 64 70 15  8 35 90 50 64 23  0 70 10  3 88 84 40 16 74 99 68 13 27 21 41 93 48 29 36 76 
100 49 40 90 75  4 84 45 61 51 99 35 82 90 91 40 72  6 64 31 51 11 68  4 82 45 81 16 64 77 16 10  1 60 91 65 25 23 11 85 70  0 36 77 91 70  5 34 95 12 27 24 87 68 37 84 19 12 96 36 
82 50 47 39 26 23 78 45 79  7 80  1 18  6 33 81 71 16 24 73 11 49 93 11 69 74 74 45  7 79 23 47 84 26 79 76 25 82 37 45 10 36  0 24 21 56 47 74 73 45 24 58 71 67 66 13 20 99 44 90 
20 90  3 49 69 16 81 49 90 82 30 19 33 73 47 90 69 50 71 27 58 46 75 22  5 51 54 62 23 75 18  7 56 100  3 69  9 36 64 53  3 77 24  0 83 78 23 36 54 45 91 51 12 52 20 78 85 95 35 79 
37  8 83 19 11 22 19 97 61 92 28 65 42 91 60 56 24 52 20 100 19 91 96 25 30 79 40 69 94 22 81 59 94 12 95 44 75 44  5 13 88 91 21 83  0 20 84 23 16 44 30 54 47 29 71 91 44 10 61 93 
44 43 66 70 58 73 72 52 100 55 57 11 30 95 47 28 56 55 98 79 21 61 23 46 60 93 25  3 40 63 23 39 82 87 99 51 100 75 98 78 84 70 56 78 20  0 37 91  1 99 88 20 11 89 44 37 18 18 28 58 
48 72 48 95 83 53 50 48 49 80 79 99 51  3 82 64 85 97 97 30 52 45 68  4 79 29  1 23 39 54 35 24 46 85 63 94 97 63 73 26 40  5 47 23 84 37  0 87  8 14 96  7 81 74 44 86 44 23 37 58 
84  8 54 83 63 28 100 16 100 27 31 41 22  1 78 65 63 72 58 81 55 93 53 68 13 29 95 15 38 56 79 63 20 94 79 55  7 27 56 67 16 34 74 36 23 91 87  0 99 59 15 20  9 54 20 45 88 26 22 72 
26 50 32 54 33 36 57 41 42 16 40 15  2 61 50 12  9 83 74 19 17 82 39 31  8 32 30 30 94  9 21 89  8 17 44  1 18 12 88 24 74 95 73 54 16  1  8 99  0 53 82 24 72 24 33 55 88 10 67 62 
15 42 61 38 98 74 68 80 57 95 76  5 22 84  9  7 59 48  1 87 59 60 68 25  6 72 60 29 49 17  4  4 11 78 27 98 42 67 12 15 99 12 45 45 44 99 14 59 53  0 89 16 42 10 78  9 50 58 44 90 
76 24 76 63 47  8 87 37 72 83 85 79 53 67 46 55 82 23 40 18 42 82  1 88  5 18 85 63 97 63 25 95 51 29 57 50 16 84 23 57 68 27 24 91 30 88 96 15 82 89  0 15 75 77 76  7 20 50 44 76 
32 62 16 50 43 38 43 22  6 56 40 34 81 38 15 73 72 10 44 56 10 87 64 100 30 86 12 100 27 87  2 21 91 45 85 79  9 43 12 18 13 24 58 51 54 20  7 20 24 16 15  0 21  3 88 31 74  6 92 89 
26 46 52 13 67  7 58 38 46 18 83 38 29 52  3 22 17 98 31 90 32  5 59 52 99 30  6 98 90 51 15 61 38 67 80  9 66  9 42 27 27 87 71 12 47 11 81  9 72 42 75 21  0 88  8 89 60 78  4 79 
96 35 36 11 73 64 90 89 17 81 55 85 96 53 25 11 76 78 99 69 47 87 45  2 83 20 32 95  1 10 29 18 94 79 64 12 10 58 37 30 21 68 67 52 29 89 74 54 24 10 77  3 88  0 84  2 82 49 88 47 
75 17 17 46 48 72 51 20 79 12 71  7 70 79 73 60 75 87 78 95 65 62 85 83 34 54 23 44 60 37 77 44 88 18 11 32 17  6 24 35 41 37 66 20 71 44 44 20 33 78 76 88  8 84  0 23 22  5  1 97 
85 68 83 91 85 11 90 46  3  1 36 57 10 39 69 85 63 17 51 72 58  6 51 19 44 77 44 14  4 90 16 44 77 73  1 90 77 18 83 26 93 84 13 78 91 37 86 45 55  9  7 31 89  2 23  0  7 29 19  1 
100 79 39 12 60 43 11 89 79 78 53 45 74  3 20 57 51 70 96 49 30 97 18 99 66 47 50 19 35  2 73 73 87 31 11 72 16 43 48 47 48 19 20 85 44 18 44 88 88 50 20 74 60 82 22  7  0  2 100 32 
39 15 59 51 44  3 64 32 26 13 73 48 23 31 43 18 11 89 55 17 82 88 85 55 35 70 51 38 85 77 16 76 16 100 66 29 66 43 33  3 29 12 99 95 10 18 23 26 10 58 50  6 78 49  5 29  2  0 100 87 
62 21 39 71 47 78 77 71 46 14 88  9 59 25 44 49 43 75 57 35 67 61 26 49 100 57 24 56 98 66  8 31 20 85 12 41 27 49 46 38 36 96 44 35 61 28 37 22 67 44 44 92  4 88  1 19 100 100  0 44 
62 55 17 63 79 35  2 53 14 35 99 90  2 96 11  7 70 53 52 77 90 72 64 97 99 97 34  8 80 19 41 34 12 28 68 75 100 28 11 40 76 36 90 79 93 58 58 72 62 90 76 89 79 47 97  1 32 87 44  0 

 0  3 17 26 98 35 62 80 55 53 49 30  7  4 98 46 63  5 73 67 77 32 88 58 87 97 24 13 91 35 70 99 67  5 86 29 96 98 23  6 78  1 30 17 39 42 90 98 49 60 67 90 86 41 34 93 45 11 27 48 
 3  0 53 62 67 71 87 58 86 87 16 28  9 48 30 65 85 72 62 58 91 80 26 37 45 89  9 12 50 38 84 70 67 33 41 44 53 50 61 60 60 63 75 33 13 93 50 17  6 81 10 21 82 51 91 69 38 56 99 44 
17 53  0 71 73 65 16 86 72 73 19 40 35 97 25 74 36 94 95 96 75 80  5  4 77 46  3 59 60 78 57 39 95  9 45 19 65 43 98  7  4 92 75 65 72 94 85 22 70 65 87 80 79 19 55 70 74 30 41 30 
26 62 71  0 84 33 76 28 70  9 55 86 18 60  6 63 45 99 85 48 70 25 14 31 36  7 49 96 86 68 92 23 15 14 12 23 35 53 51 87 48 79 91 24 42 51 14 45 86 68 40 92 12 91 94 64 84 12 14 37 
98 67 73 84  0 34 60 55 58 35 52 35 50 97 57 45 89 90 24 53 89 38 17 10 96 69 49 44 69 15 22 55 67 78 52 89 62 10 72 90 90 22 73 96  8 52 75 23 13  8 34 46 60 93 92 59  6 16 93 69 
35 71 65 33 34  0  7 88 38 89 98 83 90  3 10 20 27 56 100  2 73  7 74 77 75 32 69 17  8 55 85 95 65 44 51 34 20 57 10 19 87 64 17  9 70 100 23  6 46 47 10  7 100 47 64 31 95 53 98 64 
62 87 16 76 60  7  0 84 97 88 26 34 58 26 74 65 44 98 31  8 70 100 93 74 55 67 39 41 96 28 86 100 30 20 26 73  8 34 11 30  1 70 18 50 37 12 28 72 59 15 80 35 25 46 81 48 50  5 56 20 
80 58 86 28 55 88 84  0 88 18 46 82 45 79 40 67  9 25 76 57 90  7 88 63 100 52 15 90 56 71 39 30 51 90 52 90 43 82 88 45  6 97 35 100 97 29 86 79 92 91 86 40 100 84 76 74  7 55  3 86 
55 86 72 70 58 38 97 88  0 50  4 90 97 43 80 87 26 50 76 26 86 17 80 90 88 61 40 16 50 89 63 31 33 73 84 39 59  2 99 23 80 67 43 76 66 59 100 36 51 81 63 28 94 23 23 65 82 22 46 34 
53 87 73  9 35 89 88 18 50  0 59 85 62 17 37 96 56 97  9 73 51 85 77 39 46 97 53 48 49 45 62 25 83 68 12 30 98 21 75 45 47 24 71  8 93  6 19 86 20  2  4 51 63 22 35 57 71 83 26 33 
49 16 19 55 52 98 26 46  4 59  0 79 30 51 11  3 67  5 60 66 21 95 16 83 48 100 15 88 81 99 48 68 91 47 93 65 50 41 87 59 17 62 58 95 92 83 42 90  2 33 61 72 30  8 13 33 37 74 54 88 
30 28 40 86 35 83 34 82 90 85 79  0 29 96 84 34 90 50 17 50 62 75 39 38 24 82  1  8  1 43 51 83 17 69 17 95 22 56 83 66 23 49 51  8 78 97 44 39 27 62 42 47 73  9 70 100 39 41 55 62 
 7  9 35 18 50 90 58 45 97 62 30 29  0 67 39 79 32 25 86 57 89 57 27 34 92 51 10 26 10 76 38 94 47 88 37 35 22  3 65 58 53 100 21 72 99 32 79 31 72 42 33  9  1 83  8 97  2 26 64 75 
 4 48 97 60 97  3 26 79 43 17 51 96 67  0 96 52 38 97 52 71 78 20 27 100 14 57 54 32 10 70 28 13 61 86 82  6 36  5 39 21 47 84 56 38 42 98 52  7 97 86 90 93 21 72 64 17 24 67 31 95 
98 30 25  6 57 10 74 40 80 37 11 84 39 96  0 42 65 15  1 11 34 98 32 60 52 88 74 24  8  2  8 21 28 94 58 18 31 26 61 62 57 28 25 89 51 10 50 24 33 76  2 83 63 60 99 92 70 76 62 31 
46 65 74 63 45 20 65 67 87 96  3 34 79 52 42  0 76 98 93 63 14 72 53 66 49 73  3 74 79 93 61 10 64 46 72 82 26 50 60 85 42 37 69 86 53 44 71 32 46 69  6 47  7 37 62 38 47 72 50 15 
63 85 36 45 89 27 44  9 26 56 67 90 32 38 65 76  0 82 45 22 50 47 75 65 49 88 40 29 44 30  7 86 77 13 65 13 67 32 59 73 24 89 98  2  2 89 16 81 65 39 64 51 92 15 30 63 96 28 24 85 
 5 72 94 99 90 56 98 25 50 97  5 50 25 97 15 98 82  0 67 76 36 21 60 32 87  1  8  2 19 67 38 16 99 12 45 33 37 84 48 37 69 92 23 34 72 25 45 15 17 81 32 28 50 53 49  4 14 43  9 94 
73 62 95 85 24 100 31 76 76  9 60 17 86 52  1 93 45 67  0 52 63 27 75 35 46  9 11 85 54 87 85 83  3 16 68 42 76 50 91  6 32 47 34 79 20 34 51 18  6 53 39 52 87 74 25 37 54 13 37 51 
67 58 96 48 53  2  8 57 26 73 66 50 57 71 11 63 22 76 52  0 70 40 21 95 51 64 48 75 39 56 13 62 30 54 95 81 22 12 75 84  8 81 82 27 67 63 26 81 75 69 12  8 23  3 91  2 58 47 64 20 
77 91 75 70 89 73 70 90 86 51 21 62 89 78 34 14 50 36 63 70  0 36 59 90 14 52  6 83 39 77 40 85 88 90 84 90 96 40 35 86 50 99 26 89 94 13 75 34  5 78 69 49 88 41 31 95 100 83 58 70 
32 80 80 25 38  7 100  7 17 85 95 75 57 20 98 72 47 21 27 40 36  0 96 92 43 23 41 46 42 86 66 95 17 68 28 74 51 42 73 21 13 92 73 92 52 37 98 35 19 79 51 26 15 33 45 70 43 13 75 14 
88 26  5 14 17 74 93 88 80 77 16 39 27 27 32 53 75 60 75 21 59 96  0 18 71 40 22 85 22 12 88 33 95 41 47 94 83 85 84 12 84 27 74 23 100 25 89 15  2 93 67 93 23 16 79 61 19 45 34 29 
58 37  4 31 10 77 74 63 90 39 83 38 34 100 60 66 65 32 35 95 90 92 18  0 14 74 11 93 64 78 28 57 77 62 12 18 73 13  4 49 93 24 83  4  2 43 93 92 71 62  1 60 34 17 71 98 60 62 98 82 
87 45 77 36 96 75 55 100 88 46 48 24 92 14 52 49 49 87 46 51 14 43 71 14  0 21 88 69 14 54 32 36 55 32 63 69 15 69 93 22 53 96 43 37 40 68 81 87  6 100 52 62 100 45 99 39 35 41 24  8 
97 89 46  7 69 32 67 52 61 97 100 82 51 57 88 73 88  1  9 64 52 23 40 74 21  0 77 44 52 86 50 81 54 45 63 88 49 39 30  6 70  2 68 94 59 52 96 23 81 53 34 19 90 75  5 40 31  3 71 19 
24  9  3 49 49 69 39 15 40 53 15  1 10 54 74  3 40  8 11 48  6 41 22 11 88 77  0 15 23  4 84 94 30 49 34 38 29 18 26 17 77 40 38 49 73  3 59  9 14 12  8 44 98 47 68 21 59  7 38 24 
13 12 59 96 44 17 41 90 16 48 88  8 26 32 24 74 29  2 85 75 83 46 85 93 69 44 15  0 73 92 26 98 77 41 32 58 36 42 50 78  8 67 11 73 73 79 88 43 87 92 21 99 78 57 55 72 35 61 63 96 
91 50 60 86 69  8 96 56 50 49 81  1 10 10  8 79 44 19 54 39 39 42 22 64 14 52 23 73  0  2 24 49 50 24 37 28 57 56 18  3 43 46 62 98 51 49 13 79 12 59 64 13 26  6 83 87 67 39 37 15 
35 38 78 68 15 55 28 71 89 45 99 43 76 70  2 93 30 67 87 56 77 86 12 78 54 86  4 92  2  0 36 38 63 99 82 16 17  6 20 75 23  8 23  8 58 72 23 76 42 11 31 78  8 24  4 13 71 30 54 27 
70 84 57 92 22 85 86 39 63 62 48 51 38 28  8 61  7 38 85 13 40 66 88 28 32 50 84 26 24 36  0 21 99 84 63 83 52 70 77 51 52  5 60 12  3 85 18 88 71 33 65 10 82 15 54 35 82 23 23 25 
99 70 39 23 55 95 100 30 31 25 68 83 94 13 21 10 86 16 83 62 85 95 33 57 36 81 94 98 49 38 21  0 65 83 69 33 53 34 83 95 66 11 46 67 18 82 54 56 99 33 93 52 65 66 78 25 37 50 58 48 
67 67 95 15 67 65 30 51 33 83 91 17 47 61 28 64 77 99  3 30 88 17 95 77 55 54 30 77 50 63 99 65  0 19 100 63 53 88 10 59 89 57 53 39 97 81 58 44  3 50  7 60 68  2 51 40  7 60 15 75 
 5 33  9 14 78 44 20 90 73 68 47 69 88 86 94 46 13 12 16 54 90 68 41 62 32 45 49 41 24 99 84 83 19  0  1 84  5 10 14 77 14 63 26 52 42  9  3 90 39 13 18 47 66  3  4 85 11 79 27 82 
86 41 45 12 52 51 26 52 84 12 93 17 37 82 58 72 65 45 68 95 84 28 47 12 63 63 34 32 37 82 63 69 100  1  0 15 45 86 54 88 84 17 61  6 92 78 16 95 73 25 71 62 69 50 34 64  9 45 66 34 
29 44 19 23 89 34 73 90 39 30 65 95 35  6 18 82 13 33 42 81 90 74 94 18 69 88 38 58 28 16 83 33 63 84 15  0 95 13 42  2 19 12 59 90 65 79 14 91 21  5  4 83 52 33 94 68 29 53 86 15 
96 53 65 35 62 20  8 43 59 98 50 22 22 36 31 26 67 37 76 22 96 51 83 73 15 49 29 36 57 17 52 53 53  5 45 95  0 80 76 59 75 49 52  2 89  4 29 90 55 51  4  7 100 47 67 62 98 12 27 100 
98 50 43 53 10 57 34 82  2 21 41 56  3  5 26 50 32 84 50 12 40 42 85 13 69 39 18 42 56  6 70 34 88 10 86 13 80  0 52 21 30  3 60 17 40 84 22 33 38  2 72 53 53  2 60 17  4 70 50 49 
23 61 98 51 72 10 11 88 99 75 87 83 65 39 61 60 59 48 91 75 35 73 84  4 93 30 26 50 18 20 77 83 10 14 54 42 76 52  0  5 85 91  6 59 12 22 26 26 55 10 47 100 33 14 82 74 64  4 21 67 
 6 60  7 87 90 19 30 45 23 45 59 66 58 21 62 85 73 37  6 84 86 21 12 49 22  6 17 78  3 75 51 95 59 77 88  2 59 21  5  0 33  4 96 68 49 35 86 83 65 73 15 33 47 29 33 69 95 50 43 96 
78 60  4 48 90 87  1  6 80 47 17 23 53 47 57 42 24 69 32  8 50 13 84 93 53 70 77  8 43 23 52 66 89 14 84 19 75 30 85 33  0 20 32 77 32 46 54 20 11 98 92 21 56 52 13 36 38 34 12 13 
 1 63 92 79 22 64 70 97 67 24 62 49 100 84 28 37 89 92 47 81 99 92 27 24 96  2 40 67 46  8  5 11 57 63 17 12 49  3 91  4 20  0 94 83 22 88 51  2 55 62 93 37 44 29 80 38 62 42 52 68 
30 75 75 91 73 17 18 35 43 71 58 51 21 56 25 69 98 23 34 82 26 73 74 83 43 68 38 11 62 23 60 46 53 26 61 59 52 60  6 96 32 94  0  9 67 52 87 98 62 81 71 67 10 38 97 76 67 15 21 35 
17 33 65 24 96  9 50 100 76  8 95  8 72 38 89 86  2 34 79 27 89 92 23  4 37 94 49 73 98  8 12 67 39 52  6 90  2 17 59 68 77 83  9  0 82 73 35 27 40 48 15 82 36 81 61 69 96 73 31 51 
39 13 72 42  8 70 37 97 66 93 92 78 99 42 51 53  2 72 20 67 94 52 100  2 40 59 73 73 51 58  3 18 97 42 92 65 89 40 12 49 32 22 67 82  0 82 18 36 30 46 84 30 20 96 35  3 19 54 77 29 
42 93 94 51 52 100 12 29 59  6 83 97 32 98 10 44 89 25 34 63 13 37 25 43 68 52  3 79 49 72 85 82 81  9 78 79  4 84 22 35 46 88 52 73 82  0 12 61 11 31 55 82 53  2 80 46 15 79 21 14 
90 50 85 14 75 23 28 86 100 19 42 44 79 52 50 71 16 45 51 26 75 98 89 93 81 96 59 88 13 23 18 54 58  3 16 14 29 22 26 86 54 51 87 35 18 12  0 10 19 30  7 95 69 53 33  8 61  5 39 43 
98 17 22 45 23  6 72 79 36 86 90 39 31  7 24 32 81 15 18 81 34 35 15 92 87 23  9 43 79 76 88 56 44 90 95 91 90 33 26 83 20  2 98 27 36 61 10  0 19 100 41 88 49 17 57 50 53 37 36 42 
49  6 70 86 13 46 59 92 51 20  2 27 72 97 33 46 65 17  6 75  5 19  2 71  6 81 14 87 12 42 71 99  3 39 73 21 55 38 55 65 11 55 62 40 30 11 19 19  0 86 15 23 47 80 41 83 37 37 96 38 
60 81 65 68  8 47 15 91 81  2 33 62 42 86 76 69 39 81 53 69 78 79 93 62 100 53 12 92 59 11 33 33 50 13 25  5 51  2 10 73 98 62 81 48 46 31 30 100 86  0 56 47 22 68 52 83 94 21 21 45 
67 10 87 40 34 10 80 86 63  4 61 42 33 90  2  6 64 32 39 12 69 51 67  1 52 34  8 21 64 31 65 93  7 18 71  4  4 72 47 15 92 93 71 15 84 55  7 41 15 56  0 94 26 11 96 100 35 100 76 73 
90 21 80 92 46  7 35 40 28 51 72 47  9 93 83 47 51 28 52  8 49 26 93 60 62 19 44 99 13 78 10 52 60 47 62 83  7 53 100 33 21 37 67 82 30 82 95 88 23 47 94  0 50 78  2 58 57 15 64 64 
86 82 79 12 60 100 25 100 94 63 30 73  1 21 63  7 92 50 87 23 88 15 23 34 100 90 98 78 26  8 82 65 68 66 69 52 100 53 33 47 56 44 10 36 20 53 69 49 47 22 26 50  0 56 64 82 73 22  1  7 
41 51 19 91 93 47 46 84 23 22  8  9 83 72 60 37 15 53 74  3 41 33 16 17 45 75 47 57  6 24 15 66  2  3 50 33 47  2 14 29 52 29 38 81 96  2 53 17 80 68 11 78 56  0 33 86 22  9  2 24 
34 91 55 94 92 64 81 76 23 35 13 70  8 64 99 62 30 49 25 91 31 45 79 71 99  5 68 55 83  4 54 78 51  4 34 94 67 60 82 33 13 80 97 61 35 80 33 57 41 52 96  2 64 33  0 34 87 46 99 76 
93 69 70 64 59 31 48 74 65 57 33 100 97 17 92 38 63  4 37  2 95 70 61 98 39 40 21 72 87 13 35 25 40 85 64 68 62 17 74 69 36 38 76 69  3 46  8 50 83 83 100 58 82 86 34  0 73  2 61 35 
45 38 74 84  6 95 50  7 82 71 37 39  2 24 70 47 96 14 54 58 100 43 19 60 35 31 59 35 67 71 82 37  7 11  9 29 98  4 64 95 38 62 67 96 19 15 61 53 37 94 35 57 73 22 87 73  0 77 96 63 
11 56 30 12 16 53  5 55 22 83 74 41 26 67 76 72 28 43 13 47 83 13 45 62 41  3  7 61 39 30 23 50 60 79 45 53 12 70  4 50 34 42 15 73 54 79  5 37 37 21 100 15 22  9 46  2 77  0 85 37 
27 99 41 14 93 98 56  3 46 26 54 55 64 31 62 50 24  9 37 64 58 75 34 98 24 71 38 63 37 54 23 58 15 27 66 86 27 50 21 43 12 52 21 31 77 21 39 36 96 21 76 64  1  2 99 61 96 85  0 24 
48 44 30 37 69 64 20 86 34 33 88 62 75 95 31 15 85 94 51 20 70 14 29 82  8 19 24 96 15 27 25 48 75 82 34 15 100 49 67 96 13 68 35 51 29 14 43 42 38 45 73 64  7 24 76 35 63 37 24  0 
