facilities = 60 objectives = 4 max_distances = 100 max flows = 100 correlation = 0.500000 seed = 23453464
 0 41 13 68 15 92  7 28  4 48 75 78 42 76 48 61 17 72 95 48 72 46 19 72 93 34  6 55 86 63 64 69  2 83 84 10  1 16 48 99 64 17  4 24 42 87 94 72 46 51 55 28 52 39  2 25 28  1 48 37 
41  0 46 17 74 28 90 53 95 36 52  7 98 82 72 21 35 48 21 56 79 49 60 65 79 96 69 38 99 98 78 49 83 49  5 84 57 48 47 76 61 83 23 58 60 78 58 79 45 20 75  1 63 84 48 99 90 59 40 11 
13 46  0 71 27 72 39  5  5 56 86  6 33 61 70 81 44 63 40  3  3 80 22  3 29 77 82  1 57 62 17 17 73  4 95 75 33  8 66 97 15 69 48  8  8 76 51 10 57 70 33 44 41 39 10 80 11  6 36 14 
68 17 71  0 50 31 93 52 19 35 10 32 22 64 98 75 79 19 60 79 96 32 63 50 72 60 62 86 63 73 86 44 14  8 45 36 80  3 100 80 77 58 42 53 75 34 41 72  2 82  2 59 83 21 36  6 29 81 23 34 
15 74 27 50  0 51 74 91 14 39 14 31  8 61 34 56 42 63 30 81 37 79 48 44 64 70 33  8 76 47 100 51 40 76  8  7 36 19 100 46 86 26 28 28 35 51 26 29 64 55 39 28 25 13 29 15 29 87  4 78 
92 28 72 31 51  0  4 74 81 44 36 38 45 63 99  2 47 55 85 17 29 95 44 20 48 93 76 74 48 90 14 94 55 77 73 78 41 95 78 64 100 73 28  2 18 58 95 40 97 26 13  5 47  1 13 72 16 27 51 99 
 7 90 39 93 74  4  0 37 68 72 63 35 59 90 95 21 36 17 58 94 51 64 52 58 20 26 90  2 23 55 89 90 83  2 24 37 18 17  9 19 47 64 83  6 94 78 16 31 22  1 10 87 99 20 67 55 36 91 56 70 
28 53  5 52 91 74 37  0 21 62  1 70 60 52 81 12 57  3 27 19 17 51 91 47 81 85 13 85 33 86 90 20 99 80 54 94 68 31 16 67 50 52 33 49 19 83 72 63 90  1 24 67 14 57 20 86 22 87 74 88 
 4 95  5 19 14 81 68 21  0 27 85 67 12 29 48 51 25 59 59 74  1 74 68  1 63 77 63  7 22 20 45 17 28 74 70 19 70 67 90 46 32 55 11 39  6 45 30 58 37 35 77 72 19 95 59 39 19 51 28 94 
48 36 56 35 39 44 72 62 27  0 47 62 59 77 89 30 54 47 93  1 68 12 37  9 45 22 12 79 21 29 26 61 29 23 65 86  8 57 81 74 11  9 36 93 53 49 27  8 38 64 90 51 64 100 45 85 85 75 12 73 
75 52 86 10 14 36 63  1 85 47  0 30 54 50 26 92 81 10 84 74 87  5  1 32 54 23 16 76 99 20 38 37 17 35  6 16 87 61 51 14 47 18 78 48 37  2 82 59 90 30 11 57 65 20 19 66 74 46 51 38 
78  7  6 32 31 38 35 70 67 62 30  0 94 35 44 43 100 21  2 51 14 79 84  5 11 99 95 83  8  7 88 41 89 56 76 18 80 16 50 30 47 61 56 86 51  2 52  7 57  8 99 91 88 61 35 20 34 49 92 68 
42 98 33 22  8 45 59 60 12 59 54 94  0 51 67 38 29 81 99 62 23 28 35 96 79 79 60 46 48 73 12 48 17  5 100 31 40 82  1 45  7 88 74 93 91 56 48 87 92 43 26 90 37 20 78 42 54 34 30 100 
76 82 61 64 61 63 90 52 29 77 50 35 51  0 42 55 83 72 69 59 28  9 65 98 84 38 72 58 92 81 31  4  9 34 56 44 28 16 41 68 73 32  4 20  2 73 10 36 90 64 84 69 70  4 11 73 61  2 28 48 
48 72 70 98 34 99 95 81 48 89 26 44 67 42  0 87 65 94 99  1 38 61 67 19 27 46 45 57 38 45 45 27 72 13 96 100 58 28 22 74 85 92 96 100 55 17 70 67 98 54 11 61 55 42  2 26 46 54 98 88 
61 21 81 75 56  2 21 12 51 30 92 43 38 55 87  0 89  8 20 82 15 98 17 34 85 76 48 59 70 86 73 18 33 49 82  2 27 10 51 70 79 45 22 67 88 29 34 79 29 58 70  6 36 81 19 81 97  4 67 67 
17 35 44 79 42 47 36 57 25 54 81 100 29 83 65 89  0 76 14 26 69 32 92 53 71 68 61  7 39 82 86 14 52 99 48 36 60 20 59 76 47 78 63 32 95 10 63 73 75 29 32 45 12 75 77 63 27 25 77 81 
72 48 63 19 63 55 17  3 59 47 10 21 81 72 94  8 76  0 67 36 76  6 88  4 63 59 78 93 81 77 76 22 89 53 10 66 60  2 56 21 23 87 78 96 81 11 79 52 77 64 33 58 55 70 66 70 87 40 64 17 
95 21 40 60 30 85 58 27 59 93 84  2 99 69 99 20 14 67  0  8 24 45 27 69 85 60 63 92 99 52 91 62 28 85 10  3  3 18 69 29 20 42 84 43 96 96  2 69 90 93  6 31 81 34 58 92 63 84 92 84 
48 56  3 79 81 17 94 19 74  1 74 51 62 59  1 82 26 36  8  0 40 38 55 92 11 67 40 75 20 58 42 66 96 14 21 56 14 73 19 65 43 88 58 67 23 23 57 18 11 84 38 93 95 96 39 16 22  4 83 17 
72 79  3 96 37 29 51 17  1 68 87 14 23 28 38 15 69 76 24 40  0 49 31 30 65 71  8 49 38 23 55 95 94 100 99 82 57 44 95 49  5 16 99 58  6 51  1 38  7 24 42 83 23 81 83 25 37 18  4 44 
46 49 80 32 79 95 64 51 74 12  5 79 28  9 61 98 32  6 45 38 49  0 11 56 34 97 60 46 96 62 71 62 14 38 85 44 82 94 25 55 15 45 92 29 25 93 41 87 27 39 26 27 64 69 18 75 94 10 95 82 
19 60 22 63 48 44 52 91 68 37  1 84 35 65 67 17 92 88 27 55 31 11  0 47 64  3 79 25  2 31 19 51 13 64 72  2 79 28 57  2 25 54 39 92  1 87 64 99 99 63 80 16 41  9 19 46 79  1 95 99 
72 65  3 50 44 20 58 47  1  9 32  5 96 98 19 34 53  4 69 92 30 56 47  0 29 91 15 40  5 84 59 46 43 88 11  7 98 69 10 13 70 29 45 14 30 60 84 84  8 99 92 79 55 62 12 49 27 48 16  1 
93 79 29 72 64 48 20 81 63 45 54 11 79 84 27 85 71 63 85 11 65 34 64 29  0 95 84 58 43 55 18 97 17 54  8 38 21  3 41 43  4 85 54 51 63 68 92 93 86 77 50 11 62 16 66 14 10 63 86 34 
34 96 77 60 70 93 26 85 77 22 23 99 79 38 46 76 68 59 60 67 71 97  3 91 95  0 90 16 31 23 62 52 14 21 23 76 43 24 33 71 47 55 93 21 22 56 39 83 61 39 91 40 100  6 67 94 17 13 65 99 
 6 69 82 62 33 76 90 13 63 12 16 95 60 72 45 48 61 78 63 40  8 60 79 15 84 90  0 85 36 24 21 24 65 62  4 77 39 21 91 45 42 58 41 25 90 81 24 79 34 77 24 51 29 42 72 70 53 30 89 63 
55 38  1 86  8 74  2 85  7 79 76 83 46 58 57 59  7 93 92 75 49 46 25 40 58 16 85  0 77 75 46 64 48 26 81 87  7 47 53 56 23 99  3 41 50 63 74 12 89 69 100 87 26 99 30 56 60 12 64 38 
86 99 57 63 76 48 23 33 22 21 99  8 48 92 38 70 39 81 99 20 38 96  2  5 43 31 36 77  0 40 100 14 64 84 54 15 57 55 93 72 25 83 13 36  5 16 58 95 74 73 92 87 82 60 61 24 91 79 63  2 
63 98 62 73 47 90 55 86 20 29 20  7 73 81 45 86 82 77 52 58 23 62 31 84 55 23 24 75 40  0 26  3 70  7 53 28 56 97 97 32 82 79 39 73 29 94 59 24 68 43 84  4 41 89 26 97 67  9 24 83 
64 78 17 86 100 14 89 90 45 26 38 88 12 31 45 73 86 76 91 42 55 71 19 59 18 62 21 46 100 26  0 32 42 11 82 62 19 25 59 18 14  1 93 28  1 96 85 81 33 85 87 63 41 77 94 48 16 61 52 55 
69 49 17 44 51 94 90 20 17 61 37 41 48  4 27 18 14 22 62 66 95 62 51 46 97 52 24 64 14  3 32  0 95 66 100 68 25 99 37 64 37 84 31 27 62 11 43 52 94 61 28 96 49 30 25 75 13 57 58 54 
 2 83 73 14 40 55 83 99 28 29 17 89 17  9 72 33 52 89 28 96 94 14 13 43 17 14 65 48 64 70 42 95  0 41 74 38 73 51 99 80 51 82 57 91 37 16 25 78 76 56 53 23  1 97 95 14 16  9 90 87 
83 49  4  8 76 77  2 80 74 23 35 56  5 34 13 49 99 53 85 14 100 38 64 88 54 21 62 26 84  7 11 66 41  0 16 33 92  8 64 62  2 47 64 26 16 82 67 17 83 52 16 58 70 59  9 60 28 63 36 63 
84  5 95 45  8 73 24 54 70 65  6 76 100 56 96 82 48 10 10 21 99 85 72 11  8 23  4 81 54 53 82 100 74 16  0 31 52 65 76 92 68 34 30 48 53 32 98 84 88 36 93  9 42 77 35 17 46 23 66 94 
10 84 75 36  7 78 37 94 19 86 16 18 31 44 100  2 36 66  3 56 82 44  2  7 38 76 77 87 15 28 62 68 38 33 31  0  1 12 86 81 55 16 45  5 79 32 26 24 48 48 51 12 90 52 77 64 95 98 67 85 
 1 57 33 80 36 41 18 68 70  8 87 80 40 28 58 27 60 60  3 14 57 82 79 98 21 43 39  7 57 56 19 25 73 92 52  1  0 57 98 46 25  5 53 37 29 43 34 21  8 23 42 60 41 71 24 38 91 58  5  7 
16 48  8  3 19 95 17 31 67 57 61 16 82 16 28 10 20  2 18 73 44 94 28 69  3 24 21 47 55 97 25 99 51  8 65 12 57  0 50 83 16 64 85 83 36 21 21 14 60 86 74 31 10 45 80 12 97 76 29 70 
48 47 66 100 100 78  9 16 90 81 51 50  1 41 22 51 59 56 69 19 95 25 57 10 41 33 91 53 93 97 59 37 99 64 76 86 98 50  0 10 11 55 80 87 82 64 48 96 69 36 64  2 11  8 11 18 26 93 49 16 
99 76 97 80 46 64 19 67 46 74 14 30 45 68 74 70 76 21 29 65 49 55  2 13 43 71 45 56 72 32 18 64 80 62 92 81 46 83 10  0 10 19 88 73 29 55 17 35 14 91 42 27 32 21 34 67 19 76 45 73 
64 61 15 77 86 100 47 50 32 11 47 47  7 73 85 79 47 23 20 43  5 15 25 70  4 47 42 23 25 82 14 37 51  2 68 55 25 16 11 10  0 73 20  3 77 52 92 68 72 64 15 24 84 28 49 49  8 21 20 77 
17 83 69 58 26 73 64 52 55  9 18 61 88 32 92 45 78 87 42 88 16 45 54 29 85 55 58 99 83 79  1 84 82 47 34 16  5 64 55 19 73  0 89 14 46 21 23 10  3 90 64 57 96 94 45 70 37 65 94  4 
 4 23 48 42 28 28 83 33 11 36 78 56 74  4 96 22 63 78 84 58 99 92 39 45 54 93 41  3 13 39 93 31 57 64 30 45 53 85 80 88 20 89  0 84 83 68 92 89 36 40 62 28 52  8 33 54 55  2  3 27 
24 58  8 53 28  2  6 49 39 93 48 86 93 20 100 67 32 96 43 67 58 29 92 14 51 21 25 41 36 73 28 27 91 26 48  5 37 83 87 73  3 14 84  0 90 30 58 88 70 99 71 97 55 86 93 67 61 78 86 60 
42 60  8 75 35 18 94 19  6 53 37 51 91  2 55 88 95 81 96 23  6 25  1 30 63 22 90 50  5 29  1 62 37 16 53 79 29 36 82 29 77 46 83 90  0 50  5 19 99 92  2 73  7 18 95 10 17 84 44 64 
87 78 76 34 51 58 78 83 45 49  2  2 56 73 17 29 10 11 96 23 51 93 87 60 68 56 81 63 16 94 96 11 16 82 32 32 43 21 64 55 52 21 68 30 50  0 10 89 16 81 43 45  7 82 35 54 39 55 91 48 
94 58 51 41 26 95 16 72 30 27 82 52 48 10 70 34 63 79  2 57  1 41 64 84 92 39 24 74 58 59 85 43 25 67 98 26 34 21 48 17 92 23 92 58  5 10  0 14 98 29 68 67 24 74 96 19 43 53 43 91 
72 79 10 72 29 40 31 63 58  8 59  7 87 36 67 79 73 52 69 18 38 87 99 84 93 83 79 12 95 24 81 52 78 17 84 24 21 14 96 35 68 10 89 88 19 89 14  0 15 30 83 25  2 83 33 27 85 80  4 81 
46 45 57  2 64 97 22 90 37 38 90 57 92 90 98 29 75 77 90 11  7 27 99  8 86 61 34 89 74 68 33 94 76 83 88 48  8 60 69 14 72  3 36 70 99 16 98 15  0  9  6 90 73 78 66 66 16 97 44 87 
51 20 70 82 55 26  1  1 35 64 30  8 43 64 54 58 29 64 93 84 24 39 63 99 77 39 77 69 73 43 85 61 56 52 36 48 23 86 36 91 64 90 40 99 92 81 29 30  9  0 48 40  4 49 74 63 89 53 16 99 
55 75 33  2 39 13 10 24 77 90 11 99 26 84 11 70 32 33  6 38 42 26 80 92 50 91 24 100 92 84 87 28 53 16 93 51 42 74 64 42 15 64 62 71  2 43 68 83  6 48  0 19 61 54 96 31 22 28 91 86 
28  1 44 59 28  5 87 67 72 51 57 91 90 69 61  6 45 58 31 93 83 27 16 79 11 40 51 87 87  4 63 96 23 58  9 12 60 31  2 27 24 57 28 97 73 45 67 25 90 40 19  0 51 72 86 30 11 94  1 79 
52 63 41 83 25 47 99 14 19 64 65 88 37 70 55 36 12 55 81 95 23 64 41 55 62 100 29 26 82 41 41 49  1 70 42 90 41 10 11 32 84 96 52 55  7  7 24  2 73  4 61 51  0 34  2  6 69 71 75 49 
39 84 39 21 13  1 20 57 95 100 20 61 20  4 42 81 75 70 34 96 81 69  9 62 16  6 42 99 60 89 77 30 97 59 77 52 71 45  8 21 28 94  8 86 18 82 74 83 78 49 54 72 34  0  1 61 10 86 77 98 
 2 48 10 36 29 13 67 20 59 45 19 35 78 11  2 19 77 66 58 39 83 18 19 12 66 67 72 30 61 26 94 25 95  9 35 77 24 80 11 34 49 45 33 93 95 35 96 33 66 74 96 86  2  1  0 85 48 57 34 25 
25 99 80  6 15 72 55 86 39 85 66 20 42 73 26 81 63 70 92 16 25 75 46 49 14 94 70 56 24 97 48 75 14 60 17 64 38 12 18 67 49 70 54 67 10 54 19 27 66 63 31 30  6 61 85  0 22 68 26 70 
28 90 11 29 29 16 36 22 19 85 74 34 54 61 46 97 27 87 63 22 37 94 79 27 10 17 53 60 91 67 16 13 16 28 46 95 91 97 26 19  8 37 55 61 17 39 43 85 16 89 22 11 69 10 48 22  0 26 13 53 
 1 59  6 81 87 27 91 87 51 75 46 49 34  2 54  4 25 40 84  4 18 10  1 48 63 13 30 12 79  9 61 57  9 63 23 98 58 76 93 76 21 65  2 78 84 55 53 80 97 53 28 94 71 86 57 68 26  0 94 39 
48 40 36 23  4 51 56 74 28 12 51 92 30 28 98 67 77 64 92 83  4 95 95 16 86 65 89 64 63 24 52 58 90 36 66 67  5 29 49 45 20 94  3 86 44 91 43  4 44 16 91  1 75 77 34 26 13 94  0 24 
37 11 14 34 78 99 70 88 94 73 38 68 100 48 88 67 81 17 84 17 44 82 99  1 34 99 63 38  2 83 55 54 87 63 94 85  7 70 16 73 77  4 27 60 64 48 91 81 87 99 86 79 49 98 25 70 53 39 24  0 

 0  8 19 10 66  8 20 38 22 44 96 47 11 91 77 83 49 96 24 27 64 41 30 43 27 53 37 75 78 88 40 29 73 67 67 80 46 98 63  3 73 97 39 99 24 50 75 79 45 42  8 56 30 82 53 91 70 13 46 12 
 8  0 32 100 60  1 17 23 71 54  2 97 46 11  4 37 92 100 92 25 75 86 70 80 37 52  6 13 17 10 47  6  7 22 98 16 79 97 66  5 60 56 92 58 100 12 25 60 20 62  2  4 22 83 44 52 84 93 17  3 
19 32  0 26 83 63 37 85 10 43 18 85 77  4 15 34 21  6 23 68 58 74 91 14 77  8 72 77 20 85 13 82  9 28 61 78 24 25 53 47 79 26  2 31  5 93 55 18 58  9 48 19 79 32 72 73 62 96 85 23 
10 100 26  0 94 96 42 98 17 56  8 30 32 31 55 74 14 49 96 33 67 54 66 14 63 68 85 10 12 55 69 68  2 94  7 72 78 89 80 19  8 78 90 78  4 59 46 64 74 74 29 92 32 58 76 39 89 72 41 65 
66 60 83 94  0 10 87 25 45 44 45 90 58 19 51 27 40 87 79 74 25  7 29 56  9 55 76 52  1 46  6 72 81 41 87 100  2 19 10  7 81 48 83 36 57 72 11 34 83 21 100 73 67 80 85 39 41 100 81 77 
 8  1 63 96 10  0 71 17 76 88 40 68 78 99 24  3 72 88 75 41  9 33 51 32 87 32 13 42 22 90  8 20  6 41 23 13 36 35  3 93 84 30 100 92 31 33 93  3 37 80 34 48 71  7 84 39 94 32  3 22 
20 17 37 42 87 71  0 40 97 75 15 24 59  3 33 70 44 98 25 67 99 40  1 45 35 13 11 79 74 59 99 48 10 45 84 23 30 96 11 20 83 72 46 20 74 24 40 31 53 41 47 48 45 55 15 86 36  8 37 34 
38 23 85 98 25 17 40  0 10 97  9 50 40 64 86 73  6 93 35 22 81 24 69 65 31 68 83 41 50  3 35 17 42 75 98  9 29 91 49 90 29 21 29 12  2 56 45 74 32 56 36 55 24  5 57  7 35 32 53 34 
22 71 10 17 45 76 97 10  0 81 24  9 76 29 94 18 57 68 34 33 97 39 87 100 39 27 35 74 16 80 31 92 52 28 68 86 58 52 92 32  6 87 56 19 43 11 74 89 14 27 18 100 94  6 86 27 70 45 73 25 
44 54 43 56 44 88 75 97 81  0 32 54 17 35 32 11 19  8 92 81 35 76 51 92 26 12 55 10 54 88 90  1 37 44 51  3  5 18 84  1 91  6 29  5  7 49 42 67 13 81 89 21 38 73 42 71 80 83 40 19 
96  2 18  8 45 40 15  9 24 32  0 38 55 49 22 55 30 60 54 49 52 40 95 25 51 88 43 70 98 86 73 58 91 79 81 67  8 17 80  6 31 69 89 41 88 56 73 29 79 50 62 34 80 93 56 77 83 34 89 47 
47 97 85 30 90 68 24 50  9 54 38  0 77 88  4 61 65 69 51 84  6 17 40 45 87 22 62 96 74 74 80 38 87 18 88 91 83 38 39 78  5 82 73 53 43 68 84 68 30  3 18 54 92 19 14 78  8 31 25 59 
11 46 77 32 58 78 59 40 76 17 55 77  0 97 63 43  3 38 34 92 23 80 48  4 91  5 79 49 42 61 15 76 35 34 85 15 87 89 18 49 29 68 32 59 58  9 34  6 51 26 73 59 35 39 86 19 82 38  2 16 
91 11  4 31 19 99  3 64 29 35 49 88 97  0 47  2 73 23 67 14 61 28 21 87 20 63  9 54 58 68 12 57 84 29 33 25 42  1 86 35 60 61 57 38 45 79 90 87 25 89 25 39 83 19 65 33 79 18 84  8 
77  4 15 55 51 24 33 86 94 32 22  4 63 47  0 65 94 65 58 53 68 67 19 54 63 23 83 29 61 64 77 28 40 98 83 100 36 58 11 35 96 14  1 40 74 61 28 32 35 49 10 58 43 20 55 28  6 100  7 12 
83 37 34 74 27  3 70 73 18 11 55 61 43  2 65  0 99 11 66 82 19 44 72  8 64 77 87 61 31  5 16 70 73 75 45 78 80 44 79 27 94 11 84 86 67 29 97 32 19 50  4 60 96  3 66 93 80 64 53 36 
49 92 21 14 40 72 44  6 57 19 30 65  3 73 94 99  0 57 71 62 85 80 22 100 67 89 84 21 43 91 98 41 62 13 58  9 95 65  7 46 88  7 39  4 17 27 99 32 71 44 81 30 18  6 23  8 80 96 21 12 
96 100  6 49 87 88 98 93 68  8 60 69 38 23 65 11 57  0  5 71 22 29 10 84 51 97 85 15 58 26 14  9 88 14  3 71 29 62 79 88  5 70 99 16 80 99 96 76 47 72 27 25 14 20 39 54 40 36 53 50 
24 92 23 96 79 75 25 35 34 92 54 51 34 67 58 66 71  5  0 26  9 52 96 31 81 56 22 79 21 37 31 28 47  6 85 75 32 97 98 33 21 37 19 31 35 96  6 82 15 54 78 73 28 70 69 93 85  8 23 65 
27 25 68 33 74 41 67 22 33 81 49 84 92 14 53 82 62 71 26  0 67 92 15  7 65 23 80 91 76  3 69  5 87 10 22 80 24 43 47 10 38 12 52 91 43 85 41 59  6 70  8 29 93 80 72 35 76 95 81 34 
64 75 58 67 25  9 99 81 97 35 52  6 23 61 68 19 85 22  9 67  0 75 68 99 53 49 52 37 35 38  7 96 71 45 16 68 78 97 84 97 30 59 65 27 45 21 59  5 44 83 88 72  1 15 87 22 50 92 21 23 
41 86 74 54  7 33 40 24 39 76 40 17 80 28 67 44 80 29 52 92 75  0 86 55 63 70 28 98  5 94 11 14 98 63 70 61 17 22 16  9 85 86 76 24 77 74  8 96 44 89 42 47 77 47 14 14 35 57 71 40 
30 70 91 66 29 51  1 69 87 51 95 40 48 21 19 72 22 10 96 15 68 86  0 40 95 77 30 61 69 80  3 26 69 43  5 41  6 65  2 98 97 49 25 20 47 98 89 18 99 74 45 74 86 44 45  9 81 24 97  2 
43 80 14 14 56 32 45 65 100 92 25 45  4 87 54  8 100 84 31  7 99 55 40  0 59 76 53 65 23 51 87 84 76 74 11 50 28 38 75 19 60 53 47 17  7 62 100 90 81 72 69 61 70 30 32 13 26 88  7 60 
27 37 77 63  9 87 35 31 39 26 51 87 91 20 63 64 67 51 81 65 53 63 95 59  0 37  6 32 68  7  2 22 31 15 53 28 85 35 99 10 21 62 15 71 75 58 98 28 65 18 84 25 55 32 57 85 64 96  2 50 
53 52  8 68 55 32 13 68 27 12 88 22  5 63 23 77 89 97 56 23 49 70 77 76 37  0 95 21 91 30 86 86 19 66 44 68 93 78 24 34 96  4 18 98  9 40 86 95 23  3 33 69 56 100 33 63  3 56 84 55 
37  6 72 85 76 13 11 83 35 55 43 62 79  9 83 87 84 85 22 80 52 28 30 53  6 95  0 30 96 81 86 40 54 70 33 35 100 82 81 25 18 59 11 69 78 16  8  6 92  5  9 67 96 81  7  5 27 29 79  7 
75 13 77 10 52 42 79 41 74 10 70 96 49 54 29 61 21 15 79 91 37 98 61 65 32 21 30  0 23 54 24 26 36 88 17 90  9 80 73 89 17 35 27 94 92 96 74 79 23 39  5 52 71 17 84 45 13 35 15 44 
78 17 20 12  1 22 74 50 16 54 98 74 42 58 61 31 43 58 21 76 35  5 69 23 68 91 96 23  0  1 57 72 51 28 48 50 64 26 86 45 32 91 25 54 30 22 24 74 37  8 40 67 59 16 59 46 12  3 50 45 
88 10 85 55 46 90 59  3 80 88 86 74 61 68 64  5 91 26 37  3 38 94 80 51  7 30 81 54  1  0 25 72 95 17 55 47 35 42 40 93 93 39 10 88 76 59 11 56  5 22 61 62 61 62 74 47 31 64 13  1 
40 47 13 69  6  8 99 35 31 90 73 80 15 12 77 16 98 14 31 69  7 11  3 87  2 86 86 24 57 25  0  7 71 47 20 93 27 50  5  9 33 81 26 95 87 21 74 14 83 56 74  4 59 39 18 69 29 78 85 91 
29  6 82 68 72 20 48 17 92  1 58 38 76 57 28 70 41  9 28  5 96 14 26 84 22 86 40 26 72 72  7  0 20 63 26 88 13 96 91 67 64 62 11 36 78 92 83 41 33 42 35 83  5 90 46  1 91 59 29 12 
73  7  9  2 81  6 10 42 52 37 91 87 35 84 40 73 62 88 47 87 71 98 69 76 31 19 54 36 51 95 71 20  0 33 67 28 76 57  7 93 28 17 80 45 19 44 34 65 69 46 15 23 38 89 51 41 89 48 28 77 
67 22 28 94 41 41 45 75 28 44 79 18 34 29 98 75 13 14  6 10 45 63 43 74 15 66 70 88 28 17 47 63 33  0 80  1 56 39 54 27 38 83 93 61 93 72 19 29 12 59 29 51 37 37 13 57 95 64 95 27 
67 98 61  7 87 23 84 98 68 51 81 88 85 33 83 45 58  3 85 22 16 70  5 11 53 44 33 17 48 55 20 26 67 80  0 65  5 17 81 57 80 12 35 84 19 42 20 71 34 75 16 27 28 69 32 67 13 90 47 67 
80 16 78 72 100 13 23  9 86  3 67 91 15 25 100 78  9 71 75 80 68 61 41 50 28 68 35 90 50 47 93 88 28  1 65  0 65 32 54 33  3 24 86  5 31 13 53 98 63 32 94 73 28 24 78 55 82 51 17  3 
46 79 24 78  2 36 30 29 58  5  8 83 87 42 36 80 95 29 32 24 78 17  6 28 85 93 100  9 64 35 27 13 76 56  5 65  0 67 78 58  9 79 69 35 31 17 82  8  7 17 62 92 92 67 92 59  8 15 15 72 
98 97 25 89 19 35 96 91 52 18 17 38 89  1 58 44 65 62 97 43 97 22 65 38 35 78 82 80 26 42 50 96 57 39 17 32 67  0 39 43 97 93 89 30 95 62 32 97 94 85  5 82 70 69 86 13 65 60  3 59 
63 66 53 80 10  3 11 49 92 84 80 39 18 86 11 79  7 79 98 47 84 16  2 75 99 24 81 73 86 40  5 91  7 54 81 54 78 39  0 67  9 64 79 95 72 97 90 62 23 73 22 46  8 14 48 21 45 69 61 72 
 3  5 47 19  7 93 20 90 32  1  6 78 49 35 35 27 46 88 33 10 97  9 98 19 10 34 25 89 45 93  9 67 93 27 57 33 58 43 67  0 31 97 28 66 31 42 78 37 59 71 45 23 18 57 58 19 94  2 42 40 
73 60 79  8 81 84 83 29  6 91 31  5 29 60 96 94 88  5 21 38 30 85 97 60 21 96 18 17 32 93 33 64 28 38 80  3  9 97  9 31  0 93 51 96 99 56 71 58 88 64 33 97 28 42 78 20 96 30 87 35 
97 56 26 78 48 30 72 21 87  6 69 82 68 61 14 11  7 70 37 12 59 86 49 53 62  4 59 35 91 39 81 62 17 83 12 24 79 93 64 97 93  0 68  4  7 21 55 37 63 87 83 70 19  6 75 66 87 53  6 99 
39 92  2 90 83 100 46 29 56 29 89 73 32 57  1 84 39 99 19 52 65 76 25 47 15 18 11 27 25 10 26 11 80 93 35 86 69 89 79 28 51 68  0 66 59 87 87 74 21 65 80 62 33  7 77 12 100 71 11 11 
99 58 31 78 36 92 20 12 19  5 41 53 59 38 40 86  4 16 31 91 27 24 20 17 71 98 69 94 54 88 95 36 45 61 84  5 35 30 95 66 96  4 66  0 17 68 80 32  7 17 69 18 44 61 82 18 76  3 25 91 
24 100  5  4 57 31 74  2 43  7 88 43 58 45 74 67 17 80 35 43 45 77 47  7 75  9 78 92 30 76 87 78 19 93 19 31 31 95 72 31 99  7 59 17  0  9 20 21 41 19 53 64 21 85  2  1 71 29 87 34 
50 12 93 59 72 33 24 56 11 49 56 68  9 79 61 29 27 99 96 85 21 74 98 62 58 40 16 96 22 59 21 92 44 72 42 13 17 62 97 42 56 21 87 68  9  0 13  4 23 78 55 27 90 40 52 55 70 24 60 76 
75 25 55 46 11 93 40 45 74 42 73 84 34 90 28 97 99 96  6 41 59  8 89 100 98 86  8 74 24 11 74 83 34 19 20 53 82 32 90 78 71 55 87 80 20 13  0 75 25 76 26 70 49 42 84 54 80 84 84 28 
79 60 18 64 34  3 31 74 89 67 29 68  6 87 32 32 32 76 82 59  5 96 18 90 28 95  6 79 74 56 14 41 65 29 71 98  8 97 62 37 58 37 74 32 21  4 75  0 34 61 75 17 80  9 86 66 100  2 58  6 
45 20 58 74 83 37 53 32 14 13 79 30 51 25 35 19 71 47 15  6 44 44 99 81 65 23 92 23 37  5 83 33 69 12 34 63  7 94 23 59 88 63 21  7 41 23 25 34  0 31  3 58 35 11 29 25 66 41 96 26 
42 62  9 74 21 80 41 56 27 81 50  3 26 89 49 50 44 72 54 70 83 89 74 72 18  3  5 39  8 22 56 42 46 59 75 32 17 85 73 71 64 87 65 17 19 78 76 61 31  0 55 73 23 44 58  8 74 69 26 15 
 8  2 48 29 100 34 47 36 18 89 62 18 73 25 10  4 81 27 78  8 88 42 45 69 84 33  9  5 40 61 74 35 15 29 16 94 62  5 22 45 33 83 80 69 53 55 26 75  3 55  0 70 74 80 42 12 66  1 33 67 
56  4 19 92 73 48 48 55 100 21 34 54 59 39 58 60 30 25 73 29 72 47 74 61 25 69 67 52 67 62  4 83 23 51 27 73 92 82 46 23 97 70 62 18 64 27 70 17 58 73 70  0 72 70 23  7 48 79 10 78 
30 22 79 32 67 71 45 24 94 38 80 92 35 83 43 96 18 14 28 93  1 77 86 70 55 56 96 71 59 61 59  5 38 37 28 28 92 70  8 18 28 19 33 44 21 90 49 80 35 23 74 72  0 72 80 26 29 59 37 66 
82 83 32 58 80  7 55  5  6 73 93 19 39 19 20  3  6 20 70 80 15 47 44 30 32 100 81 17 16 62 39 90 89 37 69 24 67 69 14 57 42  6  7 61 85 40 42  9 11 44 80 70 72  0 32 31  8 100 13  2 
53 44 72 76 85 84 15 57 86 42 56 14 86 65 55 66 23 39 69 72 87 14 45 32 57 33  7 84 59 74 18 46 51 13 32 78 92 86 48 58 78 75 77 82  2 52 84 86 29 58 42 23 80 32  0 78 71 40 53 72 
91 52 73 39 39 39 86  7 27 71 77 78 19 33 28 93  8 54 93 35 22 14  9 13 85 63  5 45 46 47 69  1 41 57 67 55 59 13 21 19 20 66 12 18  1 55 54 66 25  8 12  7 26 31 78  0 96 21 55 58 
70 84 62 89 41 94 36 35 70 80 83  8 82 79  6 80 80 40 85 76 50 35 81 26 64  3 27 13 12 31 29 91 89 95 13 82  8 65 45 94 96 87 100 76 71 70 80 100 66 74 66 48 29  8 71 96  0 96 52 64 
13 93 96 72 100 32  8 32 45 83 34 31 38 18 100 64 96 36  8 95 92 57 24 88 96 56 29 35  3 64 78 59 48 64 90 51 15 60 69  2 30 53 71  3 29 24 84  2 41 69  1 79 59 100 40 21 96  0  6 62 
46 17 85 41 81  3 37 53 73 40 89 25  2 84  7 53 21 53 23 81 21 71 97  7  2 84 79 15 50 13 85 29 28 95 47 17 15  3 61 42 87  6 11 25 87 60 84 58 96 26 33 10 37 13 53 55 52  6  0 34 
12  3 23 65 77 22 34 34 25 19 47 59 16  8 12 36 12 50 65 34 23 40  2 60 50 55  7 44 45  1 91 12 77 27 67  3 72 59 72 40 35 99 11 91 34 76 28  6 26 15 67 78 66  2 72 58 64 62 34  0 

 0 22 10 18 71 64 31 55  4 36 70 64  4 75 66 77 30 82 17 53 71 56  1 25 40 34 58 40 49 69 29 28 63 57 56 63 12 84 59 54 68 58 55 40 24 73 51 19 34 48 40 32 30 74 24 94 55 65 57 31 
22  0  4 79 92 58 38 58 31 98  7 79 29 11  7 57 28 88 81 15 60 66 91 92 26 23 48 58 59 19 48 24 25 58 71 33 60 86 45 26 38 20 67 70 97 20 69 28 15 67 39 23 14 35  7 50 49 76  7  9 
10  4  0 19 77 40 62 60 28 30 38 67 65 17  4 54  8  2 20 54 73 20 70 34 65 19 44 69  7 90  7 84 17  5 30 64 27 21 94 42 100 21 12 16 22 98 70 41 34 36 57  5 81 82 67 61 99 62 81 42 
18 79 19  0 60 89 90 95 28 93 26 44 42 10 49 85 51 40 73 82 82 40 32 30 34 82 98  2  1 97 78 68 37 25 29 47 39 63 75 11 42 68 69 74 36 54 70 87 52 77 21 48 38 64 76 58 34 45 11 41 
71 92 77 60  0 25 94 18 61 39 85 63 62 30 52 43 31 62 73 91 32 15 36 99 48 66 89 41 47  8 18 58 90 48 62 100 11 32 15 49 62 74 86  4 39 52 13 11 86 15 87 70 69 76 52 62 31 93 95 46 
64 58 40 89 25  0 48 26 54 55 20 89 50 54 23  5 66 80 30 49 24 46 69 24 93 18 35 38 63 88 34  8  9 30 68 27 46 35  8 89 45 37 82 62  6 12 93  8 46 44 58 18 43 50 69  5 95 93  5 27 
31 38 62 90 94 48  0  3 85 38  8 14 82 65 71 51 65 96 37 74 92 52 57 44 41 57 27 70 65 47 79 41 60 61 80 47 24 61  1 17 100 87 26 32 34 42 51 20 35  8 45 68 29 65 12 71 26  5 15 47 
55 58 60 95 18 26  3  0  9 98 15 46 22 51 82 92 34 93 79 38 20  9 93 79 28 99 82 26 80 26 28 37  9 96 92  4 27 66 69 100 37 61 45 67 12 67 49 48 13 38 68 73 27 13 87 14 30 15 22 51 
 4 31 28 28 61 54 85  9  0 94 32 12 75 45 99  1 77 64  6  6 49 59 51 42 58 57 52 95 27 41 81 57 60 71 55 84 93 40 92  1  6 56 59 57 49 10 78 67 13 44 14 41 90 23  3  6 59 20 49 11 
36 98 30 93 39 55 38 98 94  0 34 45 12 45 43 25  8  2 83 68 11 90 46 86 26  4 61 13 50 91 76 61 35 36 54  4 17 45 90 36 78  2 34 20  3 19 19 48 36 91 58 40 35 85  1 59 44 51 49 56 
70  7 38 26 85 20  8 15 32 34  0 65 40 28 50 26 32 59 43 44 39 31 91 11 79 81 23 94 86 59 60 63 94 48 57 47 21 11 89  7 32 100 97 44 92 12 92 32 70 49 47  6 58 70 95 60 63 11 94 28 
64 79 67 44 63 89 14 46 12 45 65  0 70 52 25 37 71 86 14 70 36 21 27 57 69 23 39 46 82 78 96 82 67 21 90 83 86 42 31 44 16 72 45 78 22 59 61 40 39 19 65 79 100 20  9 46 17 19  9 81 
 4 29 65 42 62 50 82 22 75 12 40 70  0 85 69 37 38 46 50 77 20 86 80  8 53  4 75 52 36 35 39 87 82 37 55 17 92 81 65 51 40 24 42 59 67 10 33 14 57 21 87 84 47 48 30  9 50 42 27 84 
75 11 17 10 30 54 65 51 45 45 28 52 85  0 90 75 66 30 23 79 55  4 44 72 63 56 29  5 44 80 33 28 45  5 11 34 26 21 43 25 43 60 54 72 65 72 68 59 18 13 36 36 60  1 49 35 64 12 69 45 
66  7  4 49 52 23 71 82 99 43 50 25 69 90  0 91 57 45 41 42 66 88 41 72 54 82 56 27 41 50 58 47 70 95 60 86 11  2 15  8 84  4 56  6 87 68 43 58 30 40 16 75 61 11 82 34  8 70 12 21 
77 57 54 85 43  5 51 92  1 25 26 37 37 75 91  0 98 71 97 85 63 44 59 39 66 87 90 72 18  1 35 36 83 80 80 52 98 22 79 58 63 26 71 66 42 59 93 14 12 39 32 58 67 20 32 58 83 81 88 58 
30 28  8 51 31 66 65 34 77  8 32 71 38 66 57 98  0 76 61 12 79 76 21 87 81 73 66 56 89 61 98 46 46 34 52 17 93 68 22 10 89  4 36 11 44 36 74 63 93 32 69 55 38 12 33 12 67 69 54  6 
82 88  2 40 62 80 96 93 64  2 59 86 46 30 45 71 76  0 16 79 39 14 46 49  3 97 91 31 78 43 35 40 69 52 32 94 28 67 65 80 11 53 96 47 98 97 94 37 45 71 45 31 26 61 59 49 31 80 42 19 
17 81 20 73 73 30 37 79  6 83 43 14 50 23 41 97 61 16  0 37 59 43 41 51 98 61 42 23 40 20 85 36  8 24 76 90 10 64 81 11 37 57 32 33 16 71 45 62 26 48 67 71 10 86 51 87 72 21 31 41 
53 15 54 82 91 49 74 38  6 68 44 70 77 79 42 85 12 79 37  0 53 38 38 78 60 53 80 40 72 22 81 19 82 22 23 90 30 52 52 14  4 50 50 92  7 57 34 78 22 89 55  9 87 67 56 45 71 75 45 69 
71 60 73 82 32 24 92 20 49 11 39 36 20 55 66 63 79 39 59 53  0 54 75 94 55 50 10 53 55 78  5 99 71 63 30 76 93 97 97 87 30 47 35 61 27  8 44 22 39 69 74 57 16 22 76  9 84 93 20 24 
56 66 20 40 15 46 52  9 59 90 31 21 86  4 88 44 76 14 43 38 54  0 75 68 67 60 12 91  1 54 46 22 100 45 42 95 33 57 62 29 69 93 99  9 29 70  4 80 43 83 19 76 58 21 27 20 32 27 96 32 
 1 91 70 32 36 69 57 93 51 46 91 27 80 44 41 59 21 46 41 38 75 75  0 72 84 77 55 55 28 84  5 42 73 53 27  4  2 74  6 64 89 55 73  3 61 98 76 74 50 54 81 46 93 55  8 28 56 31 39 16 
25 92 34 30 99 24 44 79 42 86 11 57  8 72 72 39 87 49 51 78 94 68 72  0 38 84 76 28 27 34 68 90 82 59 46 65 67 52 74  9 50 57 56 54 39 33 100 84 31 90 16 62 51 95  5 39 22 80 24 58 
40 26 65 34 48 93 41 28 58 26 79 69 53 63 54 66 81  3 98 60 55 67 84 38  0 54 26 13 97  2 20 64 42 20 77 38 63 41 98 39 18 79 77 85 99 82 95 41 45 28 91 45 86 46 50 88 20 99 28 40 
34 23 19 82 66 18 57 99 57  4 81 23  4 56 82 87 73 97 61 53 50 60 77 84 54  0 62 14 89 43 95 27 10 56  6 34 100 77 32 40 85 34 10 100  5 43 46 95  4 14 38 53  3 83 59 80 26 83 83 53 
58 48 44 98 89 35 27 82 52 61 23 39 75 29 56 90 66 91 42 80 10 12 55 76 26 62  0 98 46 59 71 69 84 34 55 21 77 96 89 25 38 30 19 80 80 14 28 36 91 22 19 65 91 29 20 20 73 41 93 74 
40 58 69  2 41 38 70 26 95 13 94 46 52  5 27 72 56 31 23 40 53 91 55 28 13 14 98  0 15 51 13 55 55 63  7 84  8 87 44 69 29 25 10 85 79 64  7 66 85 24  3 35 90 63 95 15 42 29 31 82 
49 59  7  1 47 63 65 80 27 50 86 82 36 44 41 18 89 78 40 72 55  1 28 27 97 89 46 15  0 49 23 31 37 60 39 36 72 23 84  8 31 76 39 91 47 73 23 59 82 38 53 66 22  5 85 10  1 11 50 55 
69 19 90 97  8 88 47 26 41 91 59 78 35 80 50  1 61 43 20 22 78 54 84 34  2 43 59 51 49  0 25 95 66 58 35  8  1 57 31 77 44 30 13 81 76 74 23 70 20 76 68 90  9 22 78 54 64 56 69  7 
29 48  7 78 18 34 79 28 81 76 60 96 39 33 58 35 98 35 85 81  5 46  5 68 20 95 71 13 23 25  0 12 74 89  7 75 68 30 66 14 61 87 11 56 64 68 28 77 15 77 52 28 61 74 70 63 70 91 69 72 
28 24 84 68 58  8 41 37 57 61 63 82 87 28 47 36 46 40 36 19 99 22 42 90 64 27 69 55 31 95 12  0  6 52 34 86 23 76 83 65 43 49 12 27 61 57 86 53 25 50 57 96 59 84 71 13 41 84 49 23 
63 25 17 37 90  9 60  9 60 35 94 67 82 45 70 83 46 69  8 82 71 100 73 82 42 10 84 55 37 66 74  6  0 14 80  7 93 83 29 100 14 43 92 50 83 46 55 71 35 21 75 43 56 84 76 43 81 96 36 55 
57 58  5 25 48 30 61 96 71 36 48 21 37  5 95 80 34 52 24 22 63 45 53 59 20 56 34 63 60 58 89 52 14  0 80 46 54 21 82 64 14 63 73 72 80 76 10 87 10 50 15 56 44 56 17 76 45 70 86 48 
56 71 30 29 62 68 80 92 55 54 57 90 55 11 60 80 52 32 76 23 30 42 27 46 77  6 55  7 39 35  7 34 80 80  0 24 81  3 77 30 100 51 75 82 33 14 11 63 10 23 18 55 89 93 64 95 21 83 28 86 
63 33 64 47 100 27 47  4 84  4 47 83 17 34 86 52 17 94 90 90 76 95  4 65 38 34 21 84 36  8 75 86  7 46 24  0 85 12 31 19 39 71 86 53 30 19 25 81 49 50 79 67 77 48 72 44 87 85 61 35 
12 60 27 39 11 46 24 27 93 17 21 86 92 26 11 98 93 28 10 30 93 33  2 67 63 100 77  8 72  1 68 23 93 54 81 85  0 36 63 53 11 26 42 25 24 44 74 40 20 42 43 100 87 67 73 40 25 19 41 86 
84 86 21 63 32 35 61 66 40 45 11 42 81 21  2 22 68 67 64 52 97 57 74 52 41 77 96 87 23 57 30 76 83 21  3 12 36  0 45 27 59 67 53 40 78 35 29 90 61 81  1 76 37 79 90 53 92 86 24 67 
59 45 94 75 15  8  1 69 92 90 89 31 65 43 15 79 22 65 81 52 97 62  6 74 98 32 89 44 84 31 66 83 29 82 77 31 63 45  0 26 61 99 71 86 61 83 81 74  3 61 12 75 38  2 74 44 65 86 72 48 
54 26 42 11 49 89 17 100  1 36  7 44 51 25  8 58 10 80 11 14 87 29 64  9 39 40 25 69  8 77 14 65 100 64 30 19 53 27 26  0 40 39 59 69 16  8 96 31 68 64 39 46  5 49 99 34 54 29 53 66 
68 38 100 42 62 45 100 37  6 78 32 16 40 43 84 63 89 11 37  4 30 69 89 50 18 85 38 29 31 44 61 43 14 14 100 39 11 59 61 40  0 75 60 47 84 69 85 80 44 93 52 68 33 62 89 31 69 27 82 51 
58 20 21 68 74 37 87 61 56  2 100 72 24 60  4 26  4 53 57 50 47 93 55 57 79 34 30 25 76 30 87 49 43 63 51 71 26 67 99 39 75  0 88  1 15 61 52 55 50 78 87 79 21 36 78 83 94 58 24 98 
55 67 12 69 86 82 26 45 59 34 97 45 42 54 56 71 36 96 32 50 35 99 73 56 77 10 19 10 39 13 11 12 92 73 75 86 42 53 71 59 60 88  0 84 49 69 61 43 29 40 50 85 31 37 95 19 59 59  7  9 
40 70 16 74  4 62 32 67 57 20 44 78 59 72  6 66 11 47 33 92 61  9  3 54 85 100 80 85 91 81 56 27 50 72 82 53 25 40 86 69 47  1 84  0 42 83 94 58 34  6 85 10 19 78 80 39 95 19 29 52 
24 97 22 36 39  6 34 12 49  3 92 22 67 65 87 42 44 98 16  7 27 29 61 39 99  5 80 79 47 76 64 61 83 80 33 30 24 78 61 16 84 15 49 42  0 39 40  7  8 70 43 83 56 49 20 26 75 20 17 48 
73 20 98 54 52 12 42 67 10 19 12 59 10 72 68 59 36 97 71 57  8 70 98 33 82 43 14 64 73 74 68 57 46 76 14 19 44 35 83  8 69 61 69 83 39  0 14 14 27 63 82 21 61 12 96 56 90 25 48 99 
51 69 70 70 13 93 51 49 78 19 92 61 33 68 43 93 74 94 45 34 44  4 76 100 95 46 28  7 23 23 28 86 55 10 11 25 74 29 81 96 85 52 61 94 40 14  0 72 78 69 56 54 29 20 71 57 64 37 24 28 
19 28 41 87 11  8 20 48 67 48 32 40 14 59 58 14 63 37 62 78 22 80 74 84 41 95 36 66 59 70 77 53 71 87 63 81 40 90 74 31 80 55 43 58  7 14 72  0 59 54 80 47 53 12 48 23 89  8 81 18 
34 15 34 52 86 46 35 13 13 36 70 39 57 18 30 12 93 45 26 22 39 43 50 31 45  4 91 85 82 20 15 25 35 10 10 49 20 61  3 68 44 50 29 34  8 27 78 59  0  4  6 77 16  1 59 23 68 67 47 17 
48 67 36 77 15 44  8 38 44 91 49 19 21 13 40 39 32 71 48 89 69 83 54 90 28 14 22 24 38 76 77 50 21 50 23 50 42 81 61 64 93 78 40  6 70 63 69 54  4  0 65 67  2 26 68 14  4 56 87 37 
40 39 57 21 87 58 45 68 14 58 47 65 87 36 16 32 69 45 67 55 74 19 81 16 91 38 19  3 53 68 52 57 75 15 18 79 43  1 12 39 52 87 50 85 43 82 56 80  6 65  0 77 88 69 56  8 90 24 32 59 
32 23  5 48 70 18 68 73 41 40  6 79 84 36 75 58 55 31 71  9 57 76 46 62 45 53 65 35 66 90 28 96 43 56 55 67 100 76 75 46 68 79 85 10 83 21 54 47 77 67 77  0 79 92 42 46 62 49 32 92 
30 14 81 38 69 43 29 27 90 35 58 100 47 60 61 67 38 26 10 87 16 58 93 51 86  3 91 90 22  9 61 59 56 44 89 77 87 37 38  5 33 21 31 19 56 61 29 53 16  2 88 79  0 35 72  7 44 92 18 44 
74 35 82 64 76 50 65 13 23 85 70 20 48  1 11 20 12 61 86 67 22 21 55 95 46 83 29 63  5 22 74 84 84 56 93 48 67 79  2 49 62 36 37 78 49 12 20 12  1 26 69 92 35  0  7  6 38 95 45 16 
24  7 67 76 52 69 12 87  3  1 95  9 30 49 82 32 33 59 51 56 76 27  8  5 50 59 20 95 85 78 70 71 76 17 64 72 73 90 74 99 89 78 95 80 20 96 71 48 59 68 56 42 72  7  0 99 47 43 65 16 
94 50 61 58 62  5 71 14  6 59 60 46  9 35 34 58 12 49 87 45  9 20 28 39 88 80 20 15 10 54 63 13 43 76 95 44 40 53 44 34 31 83 19 39 26 56 57 23 23 14  8 46  7  6 99  0 70 39 92 28 
55 49 99 34 31 95 26 30 59 44 63 17 50 64  8 83 67 31 72 71 84 32 56 22 20 26 73 42  1 64 70 41 81 45 21 87 25 92 65 54 69 94 59 95 75 90 64 89 68  4 90 62 44 38 47 70  0 33 50 30 
65 76 62 45 93 93  5 15 20 51 11 19 42 12 70 81 69 80 21 75 93 27 31 80 99 83 41 29 11 56 91 84 96 70 83 85 19 86 86 29 27 58 59 19 20 25 37  8 67 56 24 49 92 95 43 39 33  0 13 36 
57  7 81 11 95  5 15 22 49 49 94  9 27 69 12 88 54 42 31 45 20 96 39 24 28 83 93 31 50 69 69 49 36 86 28 61 41 24 72 53 82 24  7 29 17 48 24 81 47 87 32 32 18 45 65 92 50 13  0 32 
31  9 42 41 46 27 47 51 11 56 28 81 84 45 21 58  6 19 41 69 24 32 16 58 40 53 74 82 55  7 72 23 55 48 86 35 86 67 48 66 51 98  9 52 48 99 28 18 17 37 59 92 44 16 16 28 30 36 32  0 

 0 13 15 50  2 43  1 74 77 49 89 69 29 84 91 44 35 89 21 35 99 51  3 90 27 39 13 58 81 89 22 24 97 74 36 28 77 89 49 13 84 89 36 79 68 23 86 32 48 49 12 69  1 89 54 76 86 69 50 53 
13  0 32 90 37  6 17 52 42 48 17 92 13 25 15  2 57 99 76 33 100 62 10 53  9 43  6 31 52  4 23 31 91 50 57 24 88 83 75 25 68 66 99 60 75 23 26 69 34 62 15  6  8 80 57 48 81 64 35 24 
15 32  0 34 62 45 39 43 30 53 28 67 62  1 10  4 77 14 35 53 65 33 77 51 74 42 84 51 50 76 34 88 31 26 30 81  5 38 50 36 71 39 78  9 43 51 43 32 10 22 15 30 91 39 67 42 63 73 34 36 
50 90 34  0 62 74  9 43 23 51  5 20 55 52 72 65 16 86 88 61 93 24 54 47 44 24 77 19 29 34 57 64 27 89 23 80 74 87 89 41 31 100 97 40 25 25 73 31 61 50 65 95 62 51 42 17 61 50 41 63 
 2 37 62 62  0  3 47 14 40 58 13 73 21 54 31 58 27 49 60 69 47 18 71 66 54 48 57 52  5 38  8 85 41 49 99 77  1  9 49 42 53  2 67  4 63 94  3  9 35 38 69 91 71 40 63 59 24 91 41 98 
43  6 45 74  3  0 92 18 66 78 11 97 43 75 22 12 77 66 87 26  5 58 62 20 58 23  1 45 33 70 19 24 12 54 43  9 17 72 11 92 78 31 82 56 80 73 90 22 23 96  2 35 91 20 56 73 48 46 48 51 
 1 17 39  9 47 92  0 38 39 94 42 72 65  2 30 58 17 81 43 76 64 34 12 22 58  5 44 78 87 29 83 59  5 58 44 24 80 77  6  3 92 72 96 35 66 57 72 97 46 91 86 45 64 85 34 79 15 31 54 27 
74 52 43 43 14 18 38  0  6 90 26 48 61 26 91 69 40 83 83 23 73 35 85 38 46 72 69  7 28 43 33 32 51 54 96  7 87 80 30 27  4 24 70  2 16 47 61 81 10 74  7 55 37  1 12  9  2 51 100 11 
77 42 30 23 40 66 39  6  0 100 69 38 93 42 93 29 87 52 53 22 92 61 100 100 39 37 95 87 60 49 81 80 28 63 70 45 91 19 54 28 47 51 29 18 52 39 74 54 19 45  3 91 47 13 73 62 49 75 71 27 
49 48 53 51 58 78 94 90 100  0 87 52 49 78 20 47 46 10 37 71 76 94 68 68 36  5 66 64 91 61 42  7 52 26 22 40 15 21 47 17 59 17 25 33 32 67 14 86 34 78 41 26 43 49 31 94 60 97 45  7 
89 17 28  5 13 11 42 26 69 87  0 13 51 38 70 21 52 26 78 36 10 14 98 30  6 70  3 93 82 97 98 70 98 61 57 63  6 75 69 70 20 29 73 22 83 89 68 28 86 51 96 54 21 59 18 91 87  2 65 74 
69 92 67 20 73 97 72 48 38 52 13  0 77 72 69 48 99 66  4 91 19  5 89 38 98 23 63 77 53 80 49 73 99  5 67 82 53  3 54 89  9 96 59 30 25 75 94 88 18 10 27 92 93 24 19 90  6  2 31 53 
29 13 62 55 21 43 65 61 93 49 51 77  0 86 75 39 39 13 94 91  8 55  1  8 72  7 55 53 21 53 28 94 17  8 74  3 86 86 21 37 42 79 11 68 61 27 37 37 69 57 85 78 18 18 54 33 81 73 36 64 
84 25  1 52 54 75  2 26 42 78 38 72 86  0 11 36 50 27 60 45 76 65 39 62 52 13 82 57 29 29  1 86 74 86 41 24 61 58 98 60 76 38 71 15  4 36 76 89  4 88 29 96 77 20 50 62 71 88 54 43 
91 15 10 72 31 22 30 91 93 20 70 69 75 11  0 49 84 51 34 30 64 65  2 24 94 21 80 41 31 18 56 12 46 94 85 86 46 72  7  4 81 51  1 93 90  9 36 14 78 80 10 36 42 31 27 49 31 95 36  5 
44  2  4 65 58 12 58 69 29 47 21 48 39 36 49  0 55 21 20 73 29 81 82 64 93 49 31 19 13 17 27 91 48 55 75 22 76 19  7 48 96 38 57 71 61  4 97 21 45 58  8 40 63 60 20 96 27 97 81 36 
35 57 77 16 27 77 17 40 87 46 52 99 39 50 84 55  0 21 80 54 97 48 48 35 71 77 85 81 55 87 100 33 46 50 56 39 43 36 16 45 93  3  8 24 38 32 99 46 52 65 88 37 14  6 12 41 75 64 23 65 
89 99 14 86 49 66 81 83 52 10 26 66 13 27 51 21 21  0 26 23 60  6  8 81 33 86 93  4 59 30 40 25 98 15  5 23 19 59 43 96  9 99 78 75 62 85 66 48 56 90 10 27 14  9 67 32  8 28 50 39 
21 76 35 88 60 87 43 83 53 37 78  4 94 60 34 20 80 26  0 37 15 42 67 17 95 39 47 88 35 32  8 85 64 40 85 37 74 88 75 21 31 71 19 21 19 99  8 31 31 57 84 84  5 30 37 66 43 15 31 37 
35 33 53 61 69 26 76 23 22 71 36 91 91 45 30 73 54 23 37  0 86 58 12 43 48 54 70 51 19  9 69 65 59  7 30 99 13 55 31 19 40 30 91 75 79 71 32 61  4 68 22 63 66 75 60 69 72 54 43 19 
99 100 65 93 47  5 64 73 92 76 10 19  8 76 64 29 97 60 15 86  0 47 41 98 74 48 49 32 27 69 10 90 90 68  8 38 98 91 86 38 23 88 69 24 61 32 83 37 17 69 88 41  6 27 68 51 69 86 30 33 
51 62 33 24 18 58 34 35 61 94 14  5 55 65 65 81 48  6 42 58 47  0 91 57 15 96 26 58 11 56 14  8 99 66 38 95  6  4  1 47 70 98 52 27 97 75 71 50 87 90 87 79 75 26 42  1 80 26 56 35 
 3 10 77 54 71 62 12 85 100 68 98 89  1 39  2 82 48  8 67 12 41 91  0  2 82 46 96 96 69 87 12 20 82 59 27 49 52 93 20 67 64 39 49 53 75 60 68  6 43 68 69 64 100 22 34 20 35 29 80  8 
90 53 51 47 66 20 22 38 100 68 30 38  8 62 24 64 35 81 17 43 98 57  2  0 71 69 37 66 80 38 45 52 29 43  4 38  9  7 81  4 92 69 70 45  1 84 85 95 70 70  7 50 92 43 61 28 39 78 10 11 
27  9 74 44 54 58 58 46 39 36  6 98 72 52 94 93 71 33 95 48 74 15 82 71  0  4 43 64 74 65 46  2 40  1 29 42 41 21 70  6  4 62 26 99 53 44 90 43 64 24 86 11 35 76 65 86 77 83 21 10 
39 43 42 24 48 23  5 72 37  5 70 23  7 13 21 49 77 86 39 54 48 96 46 69  4  0 76  2 90 16 81 90 78 21  6 77 92 32 88 72 88 27  6 88 35 45 77 74 83 54 19 61 66 98 26 64 29 43 100 76 
13  6 84 77 57  1 44 69 95 66  3 63 55 82 80 31 85 93 47 70 49 26 96 37 43 76  0  7 96 91 89 22 44  8 74 57 88 98 77 63 33 57 19 89 67 48  2 29 72 19 21 91 74 68 17  5 48 40 87  1 
58 31 51 19 52 45 78  7 87 64 93 77 53 57 41 19 81  4 88 51 32 58 96 66 64  2  7  0 25 44 53 28 49 75 34 74 17 95 56 73  2 19 15 41 74 86 20 87  9 27 17 45 47 31 86 42 43 44 20 10 
81 52 50 29  5 33 87 28 60 91 82 53 21 29 31 13 55 59 35 19 27 11 69 80 74 90 96 25  0  5 28 69 96 41 67 87 81 11 87 60 33 83 54  7  7  2 24 88 69  1 53 50 33  2 63 85 20  9 33 57 
89  4 76 34 38 70 29 43 49 61 97 80 53 29 18 17 87 30 32  9 69 56 87 38 65 16 91 44  5  0 76 78 97 30 53 51 27 33 24 95 57 71  2 100 83 45 35 46 12 72 53 88 89 45 56 26 14 20 27  8 
22 23 34 57  8 19 83 33 81 42 98 49 28  1 56 27 100 40  8 69 10 14 12 45 46 81 89 53 28 76  0 26 79 21 13 78  8 55  9 45 44 81 50 78 67 23 81  2 74 55 84 52 11 27  2 13 86 98 88 96 
24 31 88 64 85 24 59 32 80  7 70 73 94 86 12 91 33 25 85 65 90  8 20 52  2 90 22 28 69 78 26  0 41 47 58 96 31 62 68 85 72 85 48 27 35 63 48  8 60 58 16 84 11 54 29 17 32 91 16 21 
97 91 31 27 41 12  5 51 28 52 98 99 17 74 46 48 46 98 64 59 90 99 82 29 40 78 44 49 96 97 79 41  0  7 64 52 89 76  7 77 93 36 77 89 57 36 43 91 70 26 23 30 37 82 98 13 56 16 86 100 
74 50 26 89 49 54 58 54 63 26 61  5  8 86 94 55 50 15 40  7 68 66 59 43  1 21  8 75 41 30 21 47  7  0 67 21 70 22 36 20 41 99 41 47 87 58 28 28 37 64 37 60 46 47 52 70 92 65 87 29 
36 57 30 23 99 43 44 96 70 22 57 67 74 41 85 75 56  5 85 30  8 38 27  4 29  6 74 34 67 53 13 58 64 67  0 38 28 31 28 61 94 10 46 78 60 68 20 57 37 54 42 14 33 32 48 98 45 97 51 79 
28 24 81 80 77  9 24  7 45 40 63 82  3 24 86 22 39 23 37 99 38 95 49 38 42 77 57 74 87 51 78 96 52 21 38  0 82 37 27 75 36 55 70 32 39 47 63 94 67 38 77 92 70 38 35 18 74 37 33  3 
77 88  5 74  1 17 80 87 91 15  6 53 86 61 46 76 43 19 74 13 98  6 52  9 41 92 88 17 81 27  8 31 89 70 28 82  0 44 70 28 12 39 62 29 55 13 64 81 16 17 50 95 81 71 84 84 58 53  1 61 
89 83 38 87  9 72 77 80 19 21 75  3 86 58 72 19 36 59 88 55 91  4 93  7 21 32 98 95 11 33 55 62 76 22 31 37 44  0 44 98 89 78 95 35  8 31 22 95 45 35 13 37 45 61 100 30 57 57  7 23 
49 75 50 89 49 11  6 30 54 47 69 54 21 98  7  7 16 43 75 31 86  1 20 81 70 88 77 56 87 24  9 68  7 36 28 27 70 44  0 58 22 96 96 63 61 93 95 38 18 75  8 81 57 46 13 47 82 50 72 55 
13 25 36 41 42 92  3 27 28 17 70 89 37 60  4 48 45 96 21 19 38 47 67  4  6 72 63 73 60 95 45 85 77 20 61 75 28 98 58  0 23 66 17 34 50 59 92 24 60 80 52 59 10 81 99 45 55  9 48 26 
84 68 71 31 53 78 92  4 47 59 20  9 42 76 81 96 93  9 31 40 23 70 64 92  4 88 33  2 33 57 44 72 93 41 94 36 12 89 22 23  0 39 13 88 78 19 87 37 55 82 28 85 24 67 20  6 96  8 95  9 
89 66 39 100  2 31 72 24 51 17 29 96 79 38 51 38  3 99 71 30 88 98 39 69 62 27 57 19 83 71 81 85 36 99 10 55 39 78 96 66 39  0 59 22 18 43 36 48 42 71 81 76 48 25 83 82 67 43 14 43 
36 99 78 97 67 82 96 70 29 25 73 59 11 71  1 57  8 78 19 91 69 52 49 70 26  6 19 15 54  2 50 48 77 41 46 70 62 95 96 17 13 59  0 61 29 98 92 35  6 48 34 20 92 47 95 32 79 44  1 14 
79 60  9 40  4 56 35  2 18 33 22 30 68 15 93 71 24 75 21 75 24 27 53 45 99 88 89 41  7 100 78 27 89 47 78 32 29 35 63 34 88 22 61  0 29 74 85 75 31  8 45 66 49  2 98 18 65 25 23 67 
68 75 43 25 63 80 66 16 52 32 83 25 61  4 90 61 38 62 19 79 61 97 75  1 53 35 67 74  7 83 67 35 57 87 60 39 55  8 61 50 78 18 29 29  0 34 28 53 45 73 82 91  5 99 34 52 55 37 79 15 
23 23 51 25 94 73 57 47 39 67 89 75 27 36  9  4 32 85 99 71 32 75 60 84 44 45 48 86  2 45 23 63 36 58 68 47 13 31 93 59 19 43 98 74 34  0 42  6  5 96 42 22 89 10 77 20 62 71 60 53 
86 26 43 73  3 90 72 61 74 14 68 94 37 76 36 97 99 66  8 32 83 71 68 85 90 77  2 20 24 35 81 48 43 28 20 63 64 22 95 92 87 36 92 85 28 42  0 84 75 95 73 62 91 80 45 15 56 41 53 55 
32 69 32 31  9 22 97 81 54 86 28 88 37 89 14 21 46 48 31 61 37 50  6 95 43 74 29 87 88 46  2  8 91 28 57 94 81 95 38 24 37 48 35 75 53  6 84  0  2 96 99  8 91 46 91 83 69 40 23 39 
48 34 10 61 35 23 46 10 19 34 86 18 69  4 78 45 52 56 31  4 17 87 43 70 64 83 72  9 69 12 74 60 70 37 37 67 16 45 18 60 55 42  6 31 45  5 75  2  0 41  1 73 30 22 74 30 23 86 88 59 
49 62 22 50 38 96 91 74 45 78 51 10 57 88 80 58 65 90 57 68 69 90 68 70 24 54 19 27  1 72 55 58 26 64 54 38 17 35 75 80 82 71 48  8 73 96 95 96 41  0 34 93 27 34 62  2 70 55 38 40 
12 15 15 65 69  2 86  7  3 41 96 27 85 29 10  8 88 10 84 22 88 87 69  7 86 19 21 17 53 53 84 16 23 37 42 77 50 13  8 52 28 81 34 45 82 42 73 99  1 34  0 84 49 66 29 45 52 17 51 75 
69  6 30 95 91 35 45 55 91 26 54 92 78 96 36 40 37 27 84 63 41 79 64 50 11 61 91 45 50 88 52 84 30 60 14 92 95 37 81 59 85 76 20 66 91 22 62  8 73 93 84  0 76 56  5  7 47 78 55 69 
 1  8 91 62 71 91 64 37 47 43 21 93 18 77 42 63 14 14  5 66  6 75 100 92 35 66 74 47 33 89 11 11 37 46 33 70 81 45 57 10 24 48 92 49  5 89 91 91 30 27 49 76  0 85 91 84 76 36 21 56 
89 80 39 51 40 20 85  1 13 49 59 24 18 20 31 60  6  9 30 75 27 26 22 43 76 98 68 31  2 45 27 54 82 47 32 38 71 61 46 81 67 25 47  2 99 10 80 46 22 34 66 56 85  0 90 56 21 83 18 25 
54 57 67 42 63 56 34 12 73 31 18 19 54 50 27 20 12 67 37 60 68 42 34 61 65 26 17 86 63 56  2 29 98 52 48 35 84 100 13 99 20 83 95 98 34 77 45 91 74 62 29  5 91 90  0 69 95 92 79 31 
76 48 42 17 59 73 79  9 62 94 91 90 33 62 49 96 41 32 66 69 51  1 20 28 86 64  5 42 85 26 13 17 13 70 98 18 84 30 47 45  6 82 32 18 52 20 15 83 30  2 45  7 84 56 69  0 34 34 65 91 
86 81 63 61 24 48 15  2 49 60 87  6 81 71 31 27 75  8 43 72 69 80 35 39 77 29 48 43 20 14 86 32 56 92 45 74 58 57 82 55 96 67 79 65 55 62 56 69 23 70 52 47 76 21 95 34  0 73 46 43 
69 64 73 50 91 46 31 51 75 97  2  2 73 88 95 97 64 28 15 54 86 26 29 78 83 43 40 44  9 20 98 91 16 65 97 37 53 57 50  9  8 43 44 25 37 71 41 40 86 55 17 78 36 83 92 34 73  0 20 76 
50 35 34 41 41 48 54 100 71 45 65 31 36 54 36 81 23 50 31 43 30 56 80 10 21 100 87 20 33 27 88 16 86 87 51 33  1  7 72 48 95 14  1 23 79 60 53 23 88 38 51 55 21 18 79 65 46 20  0 92 
53 24 36 63 98 51 27 11 27  7 74 53 64 43  5 36 65 39 37 19 33 35  8 11 10 76  1 10 57  8 96 21 100 29 79  3 61 23 55 26  9 43 14 67 15 53 55 39 59 40 75 69 56 25 31 91 43 76 92  0 

 0 56 40 19 35  1 44 59 14 69 83 76 34 71 85 61 62 69 48 39 44 61 55 10 19 74 23 90 68 99 62 40 52 96 69 74 69 93 96 29 51 95 30 66 41 68 71 48  1 26 69 49 40 43 53 93 66 26 63 17 
56  0 50 62 75 11 19 53 70 67 12 69 27 51 10 31 64 78 79 12 84 85 96 62 42 32 33 38 36 47 59 46 29 34 88 55 68 55 44  7 72 60 95 85 81 56 42 38 59 78 42 19 49 93 17 46 86 93  4 29 
40 50  0 17 90 26 44 83 26 38 32 84 96 56 58 41 11 58 13 53 95 38 41 37 21 30 89 73  1 93  2 83 69 26 77 80 19 23 56 39 97 44 15 23  4 60 68 11 68 50  3 30 58 40 62 99  1 96 34 43 
19 62 17  0 97 74 53 93  5  6  7 52 58 54 60 39 36 48 93 55 78 29 79 22 88 66 99 65 57 94 93 49 36 96 28 33 62 74 86 26  9 56 78 96  2 81 95 12 85 85 34 97 16 31 68  2 71 34 58 63 
35 75 90 97  0 12 91 13 36 22 52 99 32 41 65 30  2 92 71 48 23  6 16 31 16 90 70 25 12 84  5 46 99 27 58 94  4 21 31 13 63 22 84  3 50 88  2 48 83 24 88 71  2 99 39 21 49 92 94 84 
 1 11 26 74 12  0 69 29 43 91 14 69 68 41 19 30 77 56 78 31  7 30 22 67 84 22 54 22 37 58 44 81 11  3 25 12  3 29 14 43 73 36 94 77 39 29 69 35 46 60  7 67 79 35 99 49 24 42 36 50 
44 19 44 53 91 69  0 50 73 53 14 56 23 13 30 68 74 73 36 72 72 32 14 35  2 19 43 88 92 49 95 67  5 37 64 11 13 91 14 10 17 42 68 48 34 30 46 53 67 58 43 41 61 44 26 99 31  9 27 11 
59 53 83 93 13 29 50  0 26 91  2 67 44 95 73 71  6 47 33 43 77 71 52 45 57 85 82  9 66 16 58 26  9 43 59 32 17 78 51 99 41 36 77 23 16 90 83 54 67 96 38 64 24  5 56 18 34 39 94 26 
14 70 26  5 36 43 73 26  0 65 46 30 67 53 60 51 69 56 37 47 93 36 82 100 55 28 41 65 33 65 75 78 10 46 34 78 40  7 72 45 26 59 56 13 41 75 79 83 76 62 20 49 90 26 91 35 25 36 52  3 
69 67 38  6 22 91 53 91 65  0 48 68 15 66 58  4 28 26 77 65 11 78 39 80 34 37 59 37 22 94 63 25 36 72 41  3  1 38 76 36 98 12 21 18  7 27 82 41 20 48 44 55 46 83 17 97 93 40 20 16 
83 12 32  7 52 14 14  2 46 48  0 62 83 21 21 32  8 57 88 61 10 76 73  4 45 70 55 44 64 43 89 73 70 39 82 13 45 10 67 46 49 31 66 31 44 69 69  3 45 47 57 18 88 95 62 60 83 52 99 57 
76 69 84 52 99 69 56 67 30 68 62  0 57 74 59 43  8 76 11 79 36 13 67 26 71  2 60 66 64 35 90 80 62 35 88 17 86 55 50 50 32 87 47 95 17 87 92 64 31 50 43 14 83 39 22 69  3 30 84 52 
34 27 96 58 32 68 23 44 67 15 83 57  0 90 84 52 44 78 17 50 17 94 52 45 90 59 98 80 38 40  7 95 21  8 58 55 73 69 25 14 36 62  3 63 71 51 18 96 66 38 72 66 56 41 99  4 84 68 39 14 
71 51 56 54 41 41 13 95 53 66 21 74 90  0 21  7 55 28 82 29 87 61 56 68 25 24 30 44 61 100 14 88 92  3 25 82 30 32 78 35 57 76 91 46 84 74 96 88 35 90 31 26 82 85 44 46 93 41 75  5 
85 10 58 60 65 19 30 73 60 58 21 59 84 21  0 93 51 84 56 13 88 35 17 57 83  5 71 65 63 28 48 30  2 92 85 71 10 73 28 24 76 51 12 67 71 87 62 28 64 33 20 30 43 30 71 78 48 44 65  5 
61 31 41 39 30 30 68 71 51  4 32 43 52  7 93  0 73  9 61 70 36 70 69 18 68 87 100 41 52 18 61 79 34 88 42 35 40  1 61 42 85 22 96 81 71 33 87 35 57 69 22 68 61 32 96 98 84 49 82 40 
62 64 11 36  2 77 74  6 69 28  8  8 44 55 51 73  0 68 79 84 89 52 51 55 70 39 34 45 75 47 97 32 92  4 74 42 49 43 31 19 99 42 46  2 22 47 98 80 28 92 84 56  4  5 39 62 92 42  8 40 
69 78 58 48 92 56 73 47 56 26 57 76 78 28 84  9 68  0 11 93 78 38 16 76 10 63 41 31 69 21 20 12 87 10 39 78 71 71 64 100  1 56 99 37 47 95 61 57 77 40 29  7 38 18 19 37 17 37 30 53 
48 79 13 93 71 78 36 33 37 77 88 11 17 82 56 61 79 11  0 58 50 55 96 20 86  9 58 39 36 36 27  8 20 51 63 61 70 53 56 20 66 12 69 21 36 93  9 95 17 63 66 59 50 53 83 32 90 14 35 85 
39 12 53 55 48 31 72 43 47 65 61 79 50 29 13 70 84 93 58  0 26 34 16  6 66  2 86 64 73 15 67 25 57 34  1 46  3 59 22 10 44 57 53 79 97 62 55 21 29 54  3 27 95 85 90 77 81 87 70 51 
44 84 95 78 23  7 72 77 93 11 10 36 17 87 88 36 89 78 50 26  0 81 66 77 60 22 36 35 52 73  9 34 35 84 45 76 77 64 87 73 81 29 68 25 100 17 10 36 80 72 63 68 10  8 86 42 54 100 13 32 
61 85 38 29  6 30 32 71 36 78 76 13 94 61 35 70 52 38 55 34 81  0 93 53 49 52 55 87 22 67 27 47 89 89 91 49 32 65 78 47 84 72 83 48 66 73  1 93 62 99 28 33 100 63 54 46 57 32 93 57 
55 96 41 79 16 22 14 52 82 39 73 67 52 56 17 69 51 16 96 16 66 93  0  1 84 64 12 38 48 80 12 12 32 57 10 37 26 83 22 72 72 15  9 32 23 64 78 45 93 66 56 34 79 51 34 18 98 59 75 21 
10 62 37 22 31 67 35 45 100 80  4 26 45 68 57 18 55 76 20  6 77 53  1  0 41 77 45 97 31  9 87 92 91 97  6 50 32 63 99 13 41 68 56  7 16 44 91 47 24 46 23 52 42 74 69  4 51 97  4 84 
19 42 21 88 16 84  2 57 55 34 45 71 90 25 83 68 70 10 86 66 60 49 84 41  0 50 19 40 95 41 14  8 36 95 25 21 65 18 100 18 63 55 19 87 72 28 97  7  9 31 77 72 57 35 73 48 80 72 11 34 
74 32 30 66 90 22 19 85 28 37 70  2 59 24  5 87 39 63  9  2 22 52 64 77 50  0 88 80 87 36 99 100 33 79 60 21 93 64 42 27 75  7 25 47  4 68 40 82 44 18 38 82 24 58 31 52 17 95 62 22 
23 33 89 99 70 54 43 82 41 59 55 60 98 30 71 100 34 41 58 86 36 55 12 45 19 88  0 37 93 60 62 38 39 30 66 22 98 73 59 35 38 64 89 77 95 57 25 25 88 91 75 83 98 88 16 28 12 31 46 12 
90 38 73 65 25 22 88  9 65 37 44 66 80 44 65 41 45 31 39 64 35 87 38 97 40 80 37  0 53 72 17 28 58 73 29 91 46 73 43 69 43 14 50 83 71 41 64 66 33 17 17 100 83 11 89 90 74 42  8 20 
68 36  1 57 12 37 92 66 33 22 64 64 38 61 63 52 75 69 36 73 52 22 48 31 95 87 93 53  0 16 35 73 71 44 21 56 86 44 99 30 31 65 11 87 45 30 63 22 29 53 41 74 63 42 13 96 16 18 32 32 
99 47 93 94 84 58 49 16 65 94 43 35 40 100 28 18 47 21 36 15 73 67 80  9 41 36 60 72 16  0 39 30 81 57 66 34 15 31 38 79 93 22 54 49 29 90 13 59  1 45 12 54 52 43 85 86 51 95 28 89 
62 59  2 93  5 44 95 58 75 63 89 90  7 14 48 61 97 20 27 67  9 27 12 87 14 99 62 17 35 39  0 42 64 13 56 99 50 37 20 15 34 77  5 36 52 16 64 39 83 80 65 13 50 54 31 88 55 35 40 73 
40 46 83 49 46 81 67 26 78 25 73 80 95 88 30 79 32 12  8 25 34 47 12 92  8 100 38 28 73 30 42  0 35 33 20 32 32 88 78 59 68 87 16 29 81 93 66 32 33 25 12 84 16 96 83  3 66 85 63 41 
52 29 69 36 99 11  5  9 10 36 70 62 21 92  2 34 92 87 20 57 35 89 32 91 36 33 39 58 71 81 64 35  0 13 34 66 60 45 46 51 31 19 58 56  8 83 92 46 60 26 45 68 70 86 60 28 61 61 23 90 
96 34 26 96 27  3 37 43 46 72 39 35  8  3 92 88  4 10 51 34 84 89 57 97 95 79 30 73 44 57 13 33 13  0 81 37 57 73 57 52 11 97 62 41 54 41 59 45 58 94 25 37 61 12 29 47 74 78 58 42 
69 88 77 28 58 25 64 59 34 41 82 88 58 25 85 42 74 39 63  1 45 91 10  6 25 60 66 29 21 66 56 20 34 81  0 50 82 27 46 18 79 23 72 100  9 23 51 96 58 69 29 36 47 40 20 54 12 85 94 76 
74 55 80 33 94 12 11 32 78  3 13 17 55 82 71 35 42 78 61 46 76 49 37 50 21 21 22 91 56 34 99 32 66 37 50  0 55 10 66 10 17 63 99 58 25 20 42 70 44 17 73 77 17 12 95 52 36 40 65 46 
69 68 19 62  4  3 13 17 40  1 45 86 73 30 10 40 49 71 70  3 77 32 26 32 65 93 98 46 86 15 50 32 60 57 82 55  0 74 76 34 78 83 51 35 41 50 46 20 13 41 33 65 77 65 47  6 19  7 63 74 
93 55 23 74 21 29 91 78  7 38 10 55 69 32 73  1 43 71 53 59 64 65 83 63 18 64 73 73 44 31 37 88 45 73 27 10 74  0 23 58 94 90 50 37 88 36 76 56 59 64 21 95 79 32 85 44 83 60 56 72 
96 44 56 86 31 14 14 51 72 76 67 50 25 78 28 61 31 64 56 22 87 78 22 99 100 42 59 43 99 38 20 78 46 57 46 66 76 23  0 35 57 53 99 83 93 78 86 51 23 100 78 50 27  3 35 21 31 16 77 79 
29  7 39 26 13 43 10 99 45 36 46 50 14 35 24 42 19 100 20 10 73 47 72 13 18 27 35 69 30 79 15 59 51 52 18 10 34 58 35  0 54 76 16 51 51 34 81 56 57 55 58 55 78 72 10 46 92 46 28 50 
51 72 97  9 63 73 17 41 26 98 49 32 36 57 76 85 99  1 66 44 81 84 72 41 63 75 38 43 31 93 34 68 31 11 79 17 78 94 57 54  0 67 33 62 92 48 65 78 86 93 89 77 50 10 45 28 90 11 97 35 
95 60 44 56 22 36 42 36 59 12 31 87 62 76 51 22 42 56 12 57 29 72 15 68 55  7 64 14 65 22 77 87 19 97 23 63 83 90 53 76 67  0 81 12 42 46 50 31 64 35 65 80 21  3 77 51 83 90 26 89 
30 95 15 78 84 94 68 77 56 21 66 47  3 91 12 96 46 99 69 53 68 83  9 56 19 25 89 50 11 54  5 16 58 62 72 99 51 50 99 16 33 81  0 51 46 56 69 99 39 39 64 61 65 36 42 23 63 53  5  9 
66 85 23 96  3 77 48 23 13 18 31 95 63 46 67 81  2 37 21 79 25 48 32  7 87 47 77 83 87 49 36 29 56 41 100 58 35 37 83 51 62 12 51  0 13 56 70 69 27 20 50 36 18 98 58 19 30 11 46 93 
41 81  4  2 50 39 34 16 41  7 44 17 71 84 71 71 22 47 36 97 100 66 23 16 72  4 95 71 45 29 52 81  8 54  9 25 41 88 93 51 92 42 46 13  0 69 70  5  9 55 82 87 45 94 63 56 74 30 87 47 
68 56 60 81 88 29 30 90 75 27 69 87 51 74 87 33 47 95 93 62 17 73 64 44 28 68 57 41 30 90 16 93 83 41 23 20 50 36 78 34 48 46 56 56 69  0 40 51 26 82 89 25 80  4 35 79 90 41 52 64 
71 42 68 95  2 69 46 83 79 82 69 92 18 96 62 87 98 61  9 55 10  1 78 91 97 40 25 64 63 13 64 66 92 59 51 42 46 76 86 81 65 50 69 70 70 40  0 96  8 46 86 22 72 50 89 49 60 58 97 37 
48 38 11 12 48 35 53 54 83 41  3 64 96 88 28 35 80 57 95 21 36 93 45 47  7 82 25 66 22 59 39 32 46 45 96 70 20 56 51 56 78 31 99 69  5 51 96  0 33 60 21 15 44 17 82 52 89 12 47 12 
 1 59 68 85 83 46 67 67 76 20 45 31 66 35 64 57 28 77 17 29 80 62 93 24  9 44 88 33 29  1 83 33 60 58 58 44 13 59 23 57 86 64 39 27  9 26  8 33  0 31  9 75 11  7 91 68  5 99 86 40 
26 78 50 85 24 60 58 96 62 48 47 50 38 90 33 69 92 40 63 54 72 99 66 46 31 18 91 17 53 45 80 25 26 94 69 17 41 64 100 55 93 35 39 20 55 82 46 60 31  0 57 41  2 63  3 21 46 80 48 69 
69 42  3 34 88  7 43 38 20 44 57 43 72 31 20 22 84 29 66  3 63 28 56 23 77 38 75 17 41 12 65 12 45 25 29 73 33 21 78 58 89 65 64 50 82 89 86 21  9 57  0 50 27 61 50  8  9 33 48 77 
49 19 30 97 71 67 41 64 49 55 18 14 66 26 30 68 56  7 59 27 68 33 34 52 72 82 83 100 74 54 13 84 68 37 36 77 65 95 50 55 77 80 61 36 87 25 22 15 75 41 50  0 53 35 18 32 47 92 21 85 
40 49 58 16  2 79 61 24 90 46 88 83 56 82 43 61  4 38 50 95 10 100 79 42 57 24 98 83 63 52 50 16 70 61 47 17 77 79 27 78 50 21 65 18 45 80 72 44 11  2 27 53  0 78 76 56 13 67 28 39 
43 93 40 31 99 35 44  5 26 83 95 39 41 85 30 32  5 18 53 85  8 63 51 74 35 58 88 11 42 43 54 96 86 12 40 12 65 32  3 72 10  3 36 98 94  4 50 17  7 63 61 35 78  0  7  6 12 59 69 21 
53 17 62 68 39 99 26 56 91 17 62 22 99 44 71 96 39 19 83 90 86 54 34 69 73 31 16 89 13 85 31 83 60 29 20 95 47 85 35 10 45 77 42 58 63 35 89 82 91  3 50 18 76  7  0 52 56 36 77 75 
93 46 99  2 21 49 99 18 35 97 60 69  4 46 78 98 62 37 32 77 42 46 18  4 48 52 28 90 96 86 88  3 28 47 54 52  6 44 21 46 28 51 23 19 56 79 49 52 68 21  8 32 56  6 52  0 75 55 42 25 
66 86  1 71 49 24 31 34 25 93 83  3 84 93 48 84 92 17 90 81 54 57 98 51 80 17 12 74 16 51 55 66 61 74 12 36 19 83 31 92 90 83 63 30 74 90 60 89  5 46  9 47 13 12 56 75  0 74 51 21 
26 93 96 34 92 42  9 39 36 40 52 30 68 41 44 49 42 37 14 87 100 32 59 97 72 95 31 42 18 95 35 85 61 78 85 40  7 60 16 46 11 90 53 11 30 41 58 12 99 80 33 92 67 59 36 55 74  0  8 52 
63  4 34 58 94 36 27 94 52 20 99 84 39 75 65 82  8 30 35 70 13 93 75  4 11 62 46  8 32 28 40 63 23 58 94 65 63 56 77 28 97 26  5 46 87 52 97 47 86 48 48 21 28 69 77 42 51  8  0 17 
17 29 43 63 84 50 11 26  3 16 57 52 14  5  5 40 40 53 85 51 32 57 21 84 34 22 12 20 32 89 73 41 90 42 76 46 74 72 79 50 35 89  9 93 47 64 37 12 40 69 77 85 39 21 75 25 21 52 17  0 
